2014-10-27,536.75,541.63,535.05,539.57,251629.0,0.0,1.0,536.75,541.63,535.05,539.57,251629.0
2014-10-24,529.22,537.02,525.81,536.05,265779.0,0.0,1.0,529.22,537.02,525.81,536.05,265779.0
2014-10-23,525.06,535.39,525.11,531.57,228087.0,0.0,1.0,525.06,535.39,525.11,531.57,228087.0
2014-10-22,529.37,531.57,520.45,521.94,177991.0,0.0,1.0,529.37,531.57,520.45,521.94,177991.0
2014-10-21,520.73,530.0,518.1,526.94,236137.0,0.0,1.0,520.73,530.0,518.1,526.94,236137.0
2014-10-20,509.87,517.85,508.49,517.03,206247.0,0.0,1.0,509.87,517.85,508.49,517.03,206247.0
2014-10-17,506.01,509.79,503.122,507.59,284864.0,0.0,1.0,506.01,509.79,503.122,507.59,284864.0
2014-10-16,502.22,507.98,499.48,504.58,277765.0,0.0,1.0,502.22,507.98,499.48,504.58,277765.0
2014-10-15,501.07,508.67,491.93,505.99,355304.0,0.0,1.0,501.07,508.67,491.93,505.99,355304.0
2014-10-14,505.39,512.37,503.42,506.35,207045.0,0.0,1.0,505.39,512.37,503.42,506.35,207045.0
2014-10-13,511.47,511.788,501.39,501.78,215292.0,0.0,1.0,511.47,511.788,501.39,501.78,215292.0
2014-10-10,506.98,513.67,505.83,509.1,258798.0,0.0,1.0,506.98,513.67,505.83,509.1,258798.0
2014-10-09,517.0,517.35,507.57,508.32,335252.0,0.0,1.0,517.0,517.35,507.57,508.32,335252.0
2014-10-08,512.0,518.315,508.97,517.8,205175.0,0.0,1.0,512.0,518.315,508.97,517.8,205175.0
2014-10-07,509.69,515.0,506.31,511.72,262928.0,0.0,1.0,509.69,515.0,506.31,511.72,262928.0
2014-10-06,518.25,519.75,512.05,512.94,185158.0,0.0,1.0,518.25,519.75,512.05,512.94,185158.0
2014-10-03,515.27,520.51,511.98,518.11,269461.0,0.0,1.0,515.27,520.51,511.98,518.11,269461.0
2014-10-02,508.01,516.23,506.3,513.3,276854.0,0.0,1.0,508.01,516.23,506.3,513.3,276854.0
2014-10-01,509.82,513.43,507.14,508.01,292086.0,0.0,1.0,509.82,513.43,507.14,508.01,292086.0
2014-09-30,508.23,512.5,503.9,509.66,404065.0,0.0,1.0,508.23,512.5,503.9,509.66,404065.0
2014-09-29,506.0,509.9,504.37,507.84,230828.0,0.0,1.0,506.0,509.9,504.37,507.84,230828.0
2014-09-26,505.99,509.12,503.26,508.38,265022.0,0.0,1.0,505.99,509.12,503.26,508.38,265022.0
2014-09-25,506.37,509.37,504.5,504.62,225033.0,0.0,1.0,506.37,509.37,504.5,504.62,225033.0
2014-09-24,508.53,509.37,503.6,508.63,344504.0,0.0,1.0,508.53,509.37,503.6,508.63,344504.0
2014-09-23,502.22,513.04,501.22,507.79,467240.0,0.0,1.0,502.22,513.04,501.22,507.79,467240.0
2014-09-22,519.35,519.99,500.21,505.38,897208.0,0.0,1.0,519.35,519.99,500.21,505.38,897208.0
2014-09-19,534.98,536.03,525.7,526.44,439167.0,0.0,1.0,534.98,536.03,525.7,526.44,439167.0
2014-09-18,535.18,536.32,529.46,532.31,285915.0,0.0,1.0,535.18,536.32,529.46,532.31,285915.0
2014-09-17,541.0,541.0,536.13,536.72,169395.0,0.0,1.0,541.0,541.0,536.13,536.72,169395.0
2014-09-16,530.16,543.06,528.25,540.85,206444.0,0.0,1.0,530.16,543.06,528.25,540.85,206444.0
2014-09-15,530.01,532.16,529.95,530.57,123444.0,0.0,1.0,530.01,532.16,529.95,530.57,123444.0
2014-09-12,529.39,530.95,526.38,530.0,153432.0,0.0,1.0,529.39,530.95,526.38,530.0,153432.0
2014-09-11,526.14,531.76,525.84,530.33,165950.0,0.0,1.0,526.14,531.76,525.84,530.33,165950.0
2014-09-10,529.835,531.86,526.39,527.36,217650.0,0.0,1.0,529.835,531.86,526.39,527.36,217650.0
2014-09-09,534.49,534.23,527.591,528.13,199772.0,0.0,1.0,534.49,534.23,527.591,528.13,199772.0
2014-09-08,537.59,538.57,533.26,536.0,105209.0,0.0,1.0,537.59,538.57,533.26,536.0,105209.0
2014-09-05,530.0,539.15,534.56,538.04,153773.0,0.0,1.0,530.0,539.15,534.56,538.04,153773.0
2014-09-04,536.54,538.385,534.67,534.97,143970.0,0.0,1.0,536.54,538.385,534.67,534.97,143970.0
2014-09-03,538.97,539.86,534.97,537.13,106607.0,0.0,1.0,538.97,539.86,534.97,537.13,106607.0
2014-09-02,534.71,541.8,534.67,536.56,212350.0,0.0,1.0,534.71,541.8,534.67,536.56,212350.0
2014-08-29,540.45,540.41,537.33,538.84,130507.0,0.0,1.0,540.45,540.41,537.33,538.84,130507.0
2014-08-28,534.41,540.0,533.59,538.77,102482.0,0.0,1.0,534.41,540.0,533.59,538.77,102482.0
2014-08-27,535.8,539.5,535.02,538.48,158849.0,0.0,1.0,535.8,539.5,535.02,538.48,158849.0
2014-08-26,540.32,542.0,535.0,535.95,166637.0,0.0,1.0,540.32,542.0,535.0,535.95,166637.0
2014-08-25,538.04,543.63,537.47,540.93,85354.0,0.0,1.0,538.04,543.63,537.47,540.93,85354.0
2014-08-22,538.86,539.39,536.45,537.46,161467.0,0.0,1.0,538.86,539.39,536.45,537.46,161467.0
2014-08-21,537.53,541.07,536.26,537.78,145125.0,0.0,1.0,537.53,541.07,536.26,537.78,145125.0
2014-08-20,533.73,538.7,531.46,537.96,177424.0,0.0,1.0,533.73,538.7,531.46,537.96,177424.0
2014-08-19,534.23,539.24,533.26,536.84,115837.0,0.0,1.0,534.23,539.24,533.26,536.84,115837.0
2014-08-18,531.0,534.16,529.55,533.9,126546.0,0.0,1.0,531.0,534.16,529.55,533.9,126546.0
2014-08-15,533.85,535.805,527.02,529.03,148722.0,0.0,1.0,533.85,535.805,527.02,529.03,148722.0
2014-08-14,526.34,533.07,524.43,530.67,163085.0,0.0,1.0,526.34,533.07,524.43,530.67,163085.0
2014-08-13,523.85,526.39,520.17,524.03,140379.0,0.0,1.0,523.85,526.39,520.17,524.03,140379.0
2014-08-12,521.63,526.79,520.02,524.58,116162.0,0.0,1.0,521.63,526.79,520.02,524.58,116162.0
2014-08-11,528.49,528.67,524.99,525.47,86653.0,0.0,1.0,528.49,528.67,524.99,525.47,86653.0
2014-08-08,518.54,526.31,516.47,525.99,161704.0,0.0,1.0,518.54,526.31,516.47,525.99,161704.0
2014-08-07,519.51,521.77,515.99,517.26,202705.0,0.0,1.0,519.51,521.77,515.99,517.26,202705.0
2014-08-06,518.5,522.96,515.53,519.6,133140.0,0.0,1.0,518.5,522.96,515.53,519.6,133140.0
2014-08-05,516.64,524.0,515.185,518.07,173652.0,0.0,1.0,516.64,524.0,515.185,518.07,173652.0
2014-08-04,514.5,521.76,514.1,519.49,114149.0,0.0,1.0,514.5,521.76,514.1,519.49,114149.0
2014-08-01,517.83,520.23,512.04,514.41,173322.0,0.0,1.0,517.83,520.23,512.04,514.41,173322.0
2014-07-31,522.73,523.8,516.795,517.03,283954.0,0.0,1.0,522.73,523.8,516.795,517.03,283954.0
2014-07-30,510.5,523.25,510.31,521.84,261833.0,0.0,1.0,510.5,523.25,510.31,521.84,261833.0
2014-07-29,511.97,514.81,509.95,510.04,170730.0,0.0,1.0,511.97,514.81,509.95,510.04,170730.0
2014-07-28,512.32,517.42,512.81,513.22,132895.0,0.0,1.0,512.32,517.42,512.81,513.22,132895.0
2014-07-25,511.03,518.91,513.31,514.57,148683.0,0.0,1.0,511.03,518.91,513.31,514.57,148683.0
2014-07-24,511.78,516.76,510.5375,514.82,241841.0,0.0,1.0,511.78,516.76,510.5375,514.82,241841.0
2014-07-23,509.61,512.34,506.46,507.72,262663.0,0.0,1.0,509.61,512.34,506.46,507.72,262663.0
2014-07-22,515.01,515.27,505.32,511.92,332488.0,0.0,1.0,515.01,515.27,505.32,511.92,332488.0
2014-07-21,520.51,521.99,513.17,515.17,220565.0,0.0,1.0,520.51,521.99,513.17,515.17,220565.0
2014-07-18,521.06,523.09,517.23,520.56,344748.0,0.0,1.0,521.06,523.09,517.23,520.56,344748.0
2014-07-17,527.81,531.27,523.5117,524.69,148921.0,0.0,1.0,527.81,531.27,523.5117,524.69,148921.0
2014-07-16,532.47,535.87,529.2,531.82,236454.0,0.0,1.0,532.47,535.87,529.2,531.82,236454.0
2014-07-15,532.05,534.32,528.4,533.51,251757.0,0.0,1.0,532.05,534.32,528.4,533.51,251757.0
2014-07-14,535.55,536.71,533.04,533.66,105136.0,0.0,1.0,535.55,536.71,533.04,533.66,105136.0
2014-07-11,533.57,534.565,528.5,533.45,109563.0,0.0,1.0,533.57,534.565,528.5,533.45,109563.0
2014-07-10,536.28,538.35,532.0,534.02,132342.0,0.0,1.0,536.28,538.35,532.0,534.02,132342.0
2014-07-09,535.16,539.61,534.47,538.66,168127.0,0.0,1.0,535.16,539.61,534.47,538.66,168127.0
2014-07-08,535.04,537.84,534.32,535.11,205567.0,0.0,1.0,535.04,537.84,534.32,535.11,205567.0
2014-07-07,538.09,540.49,536.14,538.24,184672.0,0.0,1.0,538.09,540.49,536.14,538.24,184672.0
2014-07-03,538.43,540.4,536.11,539.46,139233.0,0.0,1.0,538.43,540.4,536.11,539.46,139233.0
2014-07-02,534.65,537.79,532.85,535.31,191873.0,0.0,1.0,534.65,537.79,532.85,535.31,191873.0
2014-07-01,537.0,538.25,534.53,536.82,158521.0,0.0,1.0,537.0,538.25,534.53,536.82,158521.0
2014-06-30,533.13,536.45,532.255,536.24,195005.0,0.0,1.0,533.13,536.45,532.255,536.24,195005.0
2014-06-27,530.99,535.51,528.91,535.32,167547.0,0.0,1.0,530.99,535.51,528.91,535.32,167547.0
2014-06-26,527.21,532.65,526.75,532.4,120251.0,0.0,1.0,527.21,532.65,526.75,532.4,120251.0
2014-06-25,527.69,532.3,526.52,532.0,137183.0,0.0,1.0,527.69,532.3,526.52,532.0,137183.0
2014-06-24,531.65,533.7,529.054,530.67,157260.0,0.0,1.0,531.65,533.7,529.054,530.67,157260.0
2014-06-23,531.0,534.05,529.02,532.94,195342.0,0.0,1.0,531.0,534.05,529.02,532.94,195342.0
2014-06-20,530.61,533.06,526.805,530.79,346703.0,0.0,1.0,530.61,533.06,526.805,530.79,346703.0
2014-06-19,528.98,530.0,526.71,527.99,135279.0,0.0,1.0,528.98,530.0,526.71,527.99,135279.0
2014-06-18,525.22,527.25,521.38,526.98,189163.0,0.0,1.0,525.22,527.25,521.38,526.98,189163.0
2014-06-17,524.28,525.4,521.0,524.34,104571.0,0.0,1.0,524.28,525.4,521.0,524.34,104571.0
2014-06-16,523.87,525.89,520.93,524.81,140229.0,0.0,1.0,523.87,525.89,520.93,524.81,140229.0
2014-06-13,522.16,525.24,520.25,523.1,192456.0,0.0,1.0,522.16,525.24,520.25,523.1,192456.0
2014-06-12,528.03,529.37,520.81,524.37,247678.0,0.0,1.0,528.03,529.37,520.81,524.37,247678.0
2014-06-11,530.85,532.88,526.396,529.1,269392.0,0.0,1.0,530.85,532.88,526.396,529.1,269392.0
2014-06-10,531.96,533.72,530.57,532.48,108709.0,0.0,1.0,531.96,533.72,530.57,532.48,108709.0
2014-06-09,539.09,540.365,532.5125,532.57,233738.0,0.0,1.0,539.09,540.365,532.5125,532.57,233738.0
2014-06-06,539.44,541.58,536.83,540.78,136594.0,0.0,1.0,539.44,541.58,536.83,540.78,136594.0
2014-06-05,539.9,541.09,536.5,537.94,213720.0,0.0,1.0,539.9,541.09,536.5,537.94,213720.0
2014-06-04,530.0,541.44,526.06,541.15,258663.0,0.0,1.0,530.0,541.44,526.06,541.15,258663.0
2014-06-03,529.42,532.02,526.37,528.11,217232.0,0.0,1.0,529.42,532.02,526.37,528.11,217232.0
2014-06-02,527.54,532.99,529.34,531.43,191231.0,0.0,1.0,527.54,532.99,529.34,531.43,191231.0
2014-05-30,527.29,533.305,525.47,532.5,244926.0,0.0,1.0,527.29,533.305,525.47,532.5,244926.0
2014-05-29,534.52,535.0,525.08,527.47,228488.0,0.0,1.0,534.52,535.0,525.08,527.47,228488.0
2014-05-28,523.82,534.38,522.06,533.34,366618.0,0.0,1.0,523.82,534.38,522.06,533.34,366618.0
2014-05-27,541.0,546.6999,520.25,520.25,519516.0,0.0,1.0,541.0,546.6999,520.25,520.25,519516.0
2014-05-23,543.2,544.47,538.9,540.9,257408.0,0.0,1.0,543.2,544.47,538.9,540.9,257408.0
2014-05-22,536.59,544.5,534.92,541.66,296222.0,0.0,1.0,536.59,544.5,534.92,541.66,296222.0
2014-05-21,528.0,535.53,528.0,534.87,157815.0,0.0,1.0,528.0,535.53,528.0,534.87,157815.0
2014-05-20,529.99,532.244,526.39,528.74,147237.0,0.0,1.0,529.99,532.244,526.39,528.74,147237.0
2014-05-19,526.13,533.23,525.33,532.76,153378.0,0.0,1.0,526.13,533.23,525.33,532.76,153378.0
2014-05-16,522.78,530.6,519.0,527.02,341484.0,0.0,1.0,522.78,530.6,519.0,527.02,341484.0
2014-05-15,528.08,530.37,516.79,524.28,231314.0,0.0,1.0,528.08,530.37,516.79,524.28,231314.0
2014-05-14,532.99,532.986,526.87,529.4,219640.0,0.0,1.0,532.99,532.986,526.87,529.4,219640.0
2014-05-13,543.5,546.7,532.22,533.11,244794.0,0.0,1.0,543.5,546.7,532.22,533.11,244794.0
2014-05-12,537.76,544.88,537.21,543.38,192616.0,0.0,1.0,537.76,544.88,537.21,543.38,192616.0
2014-05-09,527.21,536.09,526.69,535.92,157027.0,0.0,1.0,527.21,536.09,526.69,535.92,157027.0
2014-05-08,523.84,532.68,522.0,530.86,214423.0,0.0,1.0,523.84,532.68,522.0,530.86,214423.0
2014-05-07,527.5,528.88,521.98,524.6,142775.0,0.0,1.0,527.5,528.88,521.98,524.6,142775.0
2014-05-06,529.21,534.95,522.35,526.73,154042.0,0.0,1.0,529.21,534.95,522.35,526.73,154042.0
2014-05-05,529.97,531.04,525.03,530.06,131550.0,0.0,1.0,529.97,531.04,525.03,530.06,131550.0
2014-05-02,524.58,534.58,526.765,529.54,150153.0,0.0,1.0,524.58,534.58,526.765,529.54,150153.0
2014-05-01,533.46,534.43,525.21,526.79,200499.0,0.0,1.0,533.46,534.43,525.21,526.79,200499.0
2014-04-30,531.18,534.84,528.724,533.89,284042.0,0.0,1.0,531.18,534.84,528.724,533.89,284042.0
2014-04-29,534.88,534.99,529.04,529.62,150957.0,0.0,1.0,534.88,534.99,529.04,529.62,150957.0
2014-04-28,522.29,534.0,520.83,531.45,296160.0,0.0,1.0,522.29,534.0,520.83,531.45,296160.0
2014-04-25,523.0,525.58,520.98,522.32,200939.0,0.0,1.0,523.0,525.58,520.98,522.32,200939.0
2014-04-24,525.0,527.08,521.25,525.88,193498.0,0.0,1.0,525.0,527.08,521.25,525.88,193498.0
2014-04-23,521.59,527.74,521.675,526.25,211358.0,0.0,1.0,521.59,527.74,521.675,526.25,211358.0
2014-04-22,519.53,523.565,518.11,521.55,248492.0,0.0,1.0,519.53,523.565,518.11,521.55,248492.0
2014-04-21,515.99,520.54,514.01,519.4,132025.0,0.0,1.0,515.99,520.54,514.01,519.4,132025.0
2014-04-17,522.17,523.64,515.47,516.16,205663.0,0.0,1.0,522.17,523.64,515.47,516.16,205663.0
2014-04-16,522.0,523.17,517.8,522.14,190009.0,0.0,1.0,522.0,523.17,517.8,522.14,190009.0
2014-04-15,516.87,521.51,510.33,519.7,287399.0,0.0,1.0,516.87,521.51,510.33,519.7,287399.0
2014-04-14,517.95,518.0,510.19,515.28,299417.0,0.0,1.0,517.95,518.0,510.19,515.28,299417.0
2014-04-11,511.2,517.41,510.25,511.28,352417.0,0.0,1.0,511.2,517.41,510.25,511.28,352417.0
2014-04-10,526.63,528.9447,513.495,514.59,287513.0,0.0,1.0,526.63,528.9447,513.495,514.59,287513.0
2014-04-09,528.96,531.04,522.62,527.46,221900.0,0.0,1.0,528.96,531.04,522.62,527.46,221900.0
2014-04-08,517.34,525.52,513.41,525.48,310000.0,0.0,1.0,517.34,525.52,513.41,525.48,310000.0
2014-04-07,523.31,527.59,517.06,519.0,317500.0,0.0,1.0,523.31,527.59,517.06,519.0,317500.0
2014-04-04,535.0,536.38,523.84,526.12,283700.0,0.0,1.0,535.0,536.38,523.84,526.12,283700.0
2014-04-03,534.96,538.69,533.01,535.61,156500.0,0.0,1.0,534.96,538.69,533.01,535.61,156500.0
2014-04-02,535.5,537.93,533.1,535.47,232700.0,0.0,1.0,535.5,537.93,533.1,535.47,232700.0
2014-04-01,539.95,541.0,534.91,536.54,306500.0,0.0,1.0,539.95,541.0,534.91,536.54,306500.0
2014-03-31,528.43,538.05,524.51,537.1,425000.0,0.0,1.0,528.43,538.05,524.51,537.1,425000.0
2014-03-28,528.64,529.69,525.35,527.44,296100.0,0.0,1.0,528.64,529.69,525.35,527.44,296100.0
2014-03-27,522.31,527.16,519.6,525.71,199500.0,0.0,1.0,522.31,527.16,519.6,525.71,199500.0
2014-03-26,528.8,530.93,522.21,522.75,213900.0,0.0,1.0,528.8,530.93,522.21,522.75,213900.0
2014-03-25,534.39,537.0,527.01,528.9,289800.0,0.0,1.0,534.39,537.0,527.01,528.9,289800.0
2014-03-24,536.58,539.47,527.51,530.39,158800.0,0.0,1.0,536.58,539.47,527.51,530.39,158800.0
2014-03-21,540.0,540.99,533.99,536.86,256300.0,0.0,1.0,540.0,540.99,533.99,536.86,256300.0
2014-03-20,532.52,534.75,528.0,533.0,234700.0,0.0,1.0,532.52,534.75,528.0,533.0,234700.0
2014-03-19,537.06,539.12,529.66,533.36,237200.0,0.0,1.0,537.06,539.12,529.66,533.36,237200.0
2014-03-18,538.62,541.89,536.61,538.35,210900.0,0.0,1.0,538.62,541.89,536.61,538.35,210900.0
2014-03-17,536.86,540.54,534.8,539.45,174900.0,0.0,1.0,536.86,540.54,534.8,539.45,174900.0
2014-03-14,529.41,535.63,526.6,533.25,319300.0,0.0,1.0,529.41,535.63,526.6,533.25,319300.0
2014-03-13,543.19,544.7,528.38,528.74,391600.0,0.0,1.0,543.19,544.7,528.38,528.74,391600.0
2014-03-12,539.64,541.39,536.46,540.91,210300.0,0.0,1.0,539.64,541.39,536.46,540.91,210300.0
2014-03-11,540.64,545.65,538.42,539.98,267400.0,0.0,1.0,540.64,545.65,538.42,539.98,267400.0
2014-03-10,541.96,544.13,539.52,541.63,233000.0,0.0,1.0,541.96,544.13,539.52,541.63,233000.0
2014-03-07,544.6,544.6,538.85,541.99,348600.0,0.0,1.0,544.6,544.6,538.85,541.99,348600.0
2014-03-06,545.0,546.03,540.6,541.5,390200.0,0.0,1.0,545.0,546.03,540.6,541.5,390200.0
2014-03-05,539.71,546.77,539.04,543.84,606300.0,0.0,1.0,539.71,546.77,539.04,543.84,606300.0
2014-03-04,546.97,546.97,525.01,538.56,720400.0,0.0,1.0,546.97,546.97,525.01,538.56,720400.0
2014-03-03,536.54,543.68,536.0,541.23,383200.0,0.0,1.0,536.54,543.68,536.0,541.23,383200.0
2014-02-28,537.8,541.74,534.68,538.44,350000.0,0.0,1.0,537.8,541.74,534.68,538.44,350000.0
2014-02-27,534.78,538.92,531.07,538.46,260100.0,0.0,1.0,534.78,538.92,531.07,538.46,260100.0
2014-02-26,540.04,545.43,532.4,535.04,409900.0,0.0,1.0,540.04,545.43,532.4,535.04,409900.0
2014-02-25,549.85,549.85,538.16,539.3,263500.0,0.0,1.0,549.85,549.85,538.16,539.3,263500.0
2014-02-24,544.9,544.9,540.06,542.21,220800.0,0.0,1.0,544.9,544.9,540.06,542.21,220800.0
2014-02-21,534.06,540.75,533.42,538.96,365400.0,0.0,1.0,534.06,540.75,533.42,538.96,365400.0
2014-02-20,538.22,539.5,535.16,538.59,280700.0,0.0,1.0,538.22,539.5,535.16,538.59,280700.0
2014-02-19,539.51,543.83,535.75,536.34,259600.0,0.0,1.0,539.51,543.83,535.75,536.34,259600.0
2014-02-18,540.88,544.58,538.55,542.0,370000.0,0.0,1.0,540.88,544.58,538.55,542.0,370000.0
2014-02-14,544.38,544.38,537.54,539.08,342900.0,0.0,1.0,544.38,544.38,537.54,539.08,342900.0
2014-02-13,540.0,544.0,536.0,540.8,325600.0,0.0,1.0,540.0,544.0,536.0,540.8,325600.0
2014-02-12,561.62,561.62,536.33,542.07,390800.0,0.0,1.0,561.62,561.62,536.33,542.07,390800.0
2014-02-11,530.5,539.2,526.12,536.12,303200.0,0.0,1.0,530.5,539.2,526.12,536.12,303200.0
2014-02-10,531.45,534.61,523.13,526.43,548300.0,0.0,1.0,531.45,534.61,523.13,526.43,548300.0
2014-02-07,517.41,537.47,517.17,534.4,713600.0,0.0,1.0,517.41,537.47,517.17,534.4,713600.0
2014-02-06,493.01,518.81,493.01,517.16,606800.0,0.0,1.0,493.01,518.81,493.01,517.16,606800.0
2014-02-05,482.02,488.26,481.53,487.32,234500.0,0.0,1.0,482.02,488.26,481.53,487.32,234500.0
2014-02-04,484.39,488.07,481.3,486.19,376000.0,0.0,1.0,484.39,488.07,481.3,486.19,376000.0
2014-02-03,496.94,498.04,481.74,483.06,402000.0,0.0,1.0,496.94,498.04,481.74,483.06,402000.0
2014-01-31,494.72,497.89,494.11,495.06,347100.0,0.0,1.0,494.72,497.89,494.11,495.06,347100.0
2014-01-30,492.86,500.48,492.86,498.92,317100.0,0.0,1.0,492.86,500.48,492.86,498.92,317100.0
2014-01-29,498.95,501.42,492.32,492.94,307700.0,0.0,1.0,498.95,501.42,492.32,492.94,307700.0
2014-01-28,503.8,507.79,499.45,501.03,332000.0,0.0,1.0,503.8,507.79,499.45,501.03,332000.0
2014-01-27,508.99,508.99,496.72,503.6,521600.0,0.0,1.0,508.99,508.99,496.72,503.6,521600.0
2014-01-24,499.0,506.46,498.2,499.25,447000.0,0.0,1.0,499.0,506.46,498.2,499.25,447000.0
2014-01-23,503.26,504.17,497.44,499.29,182400.0,0.0,1.0,503.26,504.17,497.44,499.29,182400.0
2014-01-22,503.0,506.1,501.34,503.38,392300.0,0.0,1.0,503.0,506.1,501.34,503.38,392300.0
2014-01-21,498.86,507.72,498.86,502.24,390200.0,0.0,1.0,498.86,507.72,498.86,502.24,390200.0
2014-01-17,500.0,505.86,496.47,505.86,486800.0,0.0,1.0,500.0,505.86,496.47,505.86,486800.0
2014-01-16,495.03,497.25,491.05,495.47,222300.0,0.0,1.0,495.03,497.25,491.05,495.47,222300.0
2014-01-15,497.0,498.38,492.3,495.08,194000.0,0.0,1.0,497.0,498.38,492.3,495.08,194000.0
2014-01-14,498.24,498.24,487.3,495.78,350800.0,0.0,1.0,498.24,498.24,487.3,495.78,350800.0
2014-01-13,490.19,495.0,485.53,486.38,419300.0,0.0,1.0,490.19,495.0,485.53,486.38,419300.0
2014-01-10,492.99,493.11,488.82,490.0,393100.0,0.0,1.0,492.99,493.11,488.82,490.0,393100.0
2014-01-09,489.26,493.22,486.87,492.45,354300.0,0.0,1.0,489.26,493.22,486.87,492.45,354300.0
2014-01-08,483.59,489.07,481.94,489.07,312100.0,0.0,1.0,483.59,489.07,481.94,489.07,312100.0
2014-01-07,479.22,486.4,478.52,483.59,417300.0,0.0,1.0,479.22,486.4,478.52,483.59,417300.0
2014-01-06,478.51,483.3,476.81,478.77,357100.0,0.0,1.0,478.51,483.3,476.81,478.77,357100.0
2014-01-03,474.28,478.58,472.78,475.5,193500.0,0.0,1.0,474.28,478.58,472.78,475.5,193500.0
2014-01-02,477.67,479.7,472.51,474.11,151800.0,0.0,1.0,477.67,479.7,472.51,474.11,151800.0
2013-12-31,483.74,483.74,475.82,477.94,174800.0,0.0,1.0,483.74,483.74,475.82,477.94,174800.0
2013-12-30,476.83,479.66,474.53,479.33,195100.0,0.0,1.0,476.83,479.66,474.53,479.33,195100.0
2013-12-27,475.38,479.0,474.08,476.83,180600.0,0.0,1.0,475.38,479.0,474.08,476.83,180600.0
2013-12-26,479.95,479.95,474.46,476.85,125000.0,0.0,1.0,479.95,479.95,474.46,476.85,125000.0
2013-12-24,479.95,479.95,471.36,475.57,86900.0,0.0,1.0,479.95,479.95,471.36,475.57,86900.0
2013-12-23,465.34,474.99,465.34,472.32,269000.0,0.0,1.0,465.34,474.99,465.34,472.32,269000.0
2013-12-20,472.39,473.93,470.95,473.19,446900.0,0.0,1.0,472.39,473.93,470.95,473.19,446900.0
2013-12-19,471.24,473.33,467.4,470.84,287300.0,0.0,1.0,471.24,473.33,467.4,470.84,287300.0
2013-12-18,464.75,471.2,461.6,470.56,319300.0,0.0,1.0,464.75,471.2,461.6,470.56,319300.0
2013-12-17,463.77,467.34,461.14,461.76,274300.0,0.0,1.0,463.77,467.34,461.14,461.76,274300.0
2013-12-16,466.27,469.07,463.7,464.0,280500.0,0.0,1.0,466.27,469.07,463.7,464.0,280500.0
2013-12-13,466.29,470.77,463.85,465.18,217200.0,0.0,1.0,466.29,470.77,463.85,465.18,217200.0
2013-12-12,466.38,469.41,463.5,465.9,266200.0,0.0,1.0,466.38,469.41,463.5,465.9,266200.0
2013-12-11,470.86,473.68,466.24,467.79,448100.0,0.0,1.0,470.86,473.68,466.24,467.79,448100.0
2013-12-10,467.47,484.16,461.61,471.86,965300.0,0.0,1.0,467.47,484.16,461.61,471.86,965300.0
2013-12-09,456.88,462.73,456.03,457.34,567100.0,0.0,1.0,456.88,462.73,456.03,457.34,567100.0
2013-12-06,462.63,464.1,458.87,459.6,228200.0,0.0,1.0,462.63,464.1,458.87,459.6,228200.0
2013-12-05,459.99,463.19,457.36,460.0,226200.0,0.0,1.0,459.99,463.19,457.36,460.0,226200.0
2013-12-04,460.21,462.8,454.88,456.02,232900.0,0.0,1.0,460.21,462.8,454.88,456.02,232900.0
2013-12-03,457.61,461.64,455.41,460.51,197100.0,0.0,1.0,457.61,461.64,455.41,460.51,197100.0
2013-12-02,460.52,463.53,459.0,459.62,172800.0,0.0,1.0,460.52,463.53,459.0,459.62,172800.0
2013-11-29,459.11,463.71,458.28,461.6,163300.0,0.0,1.0,459.11,463.71,458.28,461.6,163300.0
2013-11-27,458.86,462.33,456.88,458.8,256100.0,0.0,1.0,458.86,462.33,456.88,458.8,256100.0
2013-11-26,461.2,463.36,457.0,457.28,378500.0,0.0,1.0,461.2,463.36,457.0,457.28,378500.0
2013-11-25,466.77,470.47,465.01,465.7,146600.0,0.0,1.0,466.77,470.47,465.01,465.7,146600.0
2013-11-22,467.45,469.42,466.42,467.69,197600.0,0.0,1.0,467.45,469.42,466.42,467.69,197600.0
2013-11-21,463.71,469.61,460.71,469.34,139900.0,0.0,1.0,463.71,469.61,460.71,469.34,139900.0
2013-11-20,464.56,467.87,459.95,461.3,110300.0,0.0,1.0,464.56,467.87,459.95,461.3,110300.0
2013-11-19,458.55,465.5,457.43,463.84,191100.0,0.0,1.0,458.55,465.5,457.43,463.84,191100.0
2013-11-18,465.0,465.14,458.46,459.56,200900.0,0.0,1.0,465.0,465.14,458.46,459.56,200900.0
2013-11-15,455.93,465.7,455.93,464.08,201800.0,0.0,1.0,455.93,465.7,455.93,464.08,201800.0
2013-11-14,457.5,458.96,455.95,458.34,167600.0,0.0,1.0,457.5,458.96,455.95,458.34,167600.0
2013-11-13,450.57,456.94,450.57,456.88,172700.0,0.0,1.0,450.57,456.94,450.57,456.88,172700.0
2013-11-12,448.13,451.55,444.87,451.55,275200.0,0.0,1.0,448.13,451.55,444.87,451.55,275200.0
2013-11-11,443.61,449.8,440.5,447.79,169100.0,0.0,1.0,443.61,449.8,440.5,447.79,169100.0
2013-11-08,443.58,449.12,440.24,448.55,243700.0,0.0,1.0,443.58,449.12,440.24,448.55,243700.0
2013-11-07,447.0,448.3,443.23,443.49,253200.0,0.0,1.0,447.0,448.3,443.23,443.49,253200.0
2013-11-06,444.31,447.8,441.11,447.42,234600.0,0.0,1.0,444.31,447.8,441.11,447.42,234600.0
2013-11-05,438.19,442.98,432.55,442.06,245500.0,0.0,1.0,438.19,442.98,432.55,442.06,245500.0
2013-11-04,434.96,439.64,433.57,436.51,180900.0,0.0,1.0,434.96,439.64,433.57,436.51,180900.0
2013-11-01,436.01,437.94,430.0,434.83,156000.0,0.0,1.0,436.01,437.94,430.0,434.83,156000.0
2013-10-31,430.86,435.05,428.63,434.69,238900.0,0.0,1.0,430.86,435.05,428.63,434.69,238900.0
2013-10-30,431.3,434.24,428.92,429.94,214600.0,0.0,1.0,431.3,434.24,428.92,429.94,214600.0
2013-10-29,431.06,432.8,428.13,429.83,226000.0,0.0,1.0,431.06,432.8,428.13,429.83,226000.0
2013-10-28,430.68,432.74,428.49,429.84,209100.0,0.0,1.0,430.68,432.74,428.49,429.84,209100.0
2013-10-25,427.64,429.47,424.98,429.47,298600.0,0.0,1.0,427.64,429.47,424.98,429.47,298600.0
2013-10-24,424.45,432.28,422.12,427.18,354700.0,0.0,1.0,424.45,432.28,422.12,427.18,354700.0
2013-10-23,437.49,437.5,430.47,432.59,190400.0,0.0,1.0,437.49,437.5,430.47,432.59,190400.0
2013-10-22,436.01,437.45,434.2,435.6,188000.0,0.0,1.0,436.01,437.45,434.2,435.6,188000.0
2013-10-21,431.02,435.2,430.21,434.73,250100.0,0.0,1.0,431.02,435.2,430.21,434.73,250100.0
2013-10-18,431.07,433.42,427.0,432.11,308600.0,0.0,1.0,431.07,433.42,427.0,432.11,308600.0
2013-10-17,422.57,429.72,421.62,429.13,238600.0,0.0,1.0,422.57,429.72,421.62,429.13,238600.0
2013-10-16,426.23,432.0,422.51,424.63,394300.0,0.0,1.0,426.23,432.0,422.51,424.63,394300.0
2013-10-15,425.0,427.39,419.4,420.23,308000.0,0.0,1.0,425.0,427.39,419.4,420.23,308000.0
2013-10-14,422.32,427.42,421.78,426.04,149900.0,0.0,1.0,422.32,427.42,421.78,426.04,149900.0
2013-10-11,420.45,425.46,418.96,424.61,174400.0,0.0,1.0,420.45,425.46,418.96,424.61,174400.0
2013-10-10,419.3,421.19,417.42,420.77,233200.0,0.0,1.0,419.3,421.19,417.42,420.77,233200.0
2013-10-09,415.75,417.62,413.32,415.27,267800.0,0.0,1.0,415.75,417.62,413.32,415.27,267800.0
2013-10-08,420.77,421.56,414.02,415.71,304700.0,0.0,1.0,420.77,421.56,414.02,415.71,304700.0
2013-10-07,419.14,423.39,417.9,419.83,181500.0,0.0,1.0,419.14,423.39,417.9,419.83,181500.0
2013-10-04,419.28,423.86,417.01,421.89,226800.0,0.0,1.0,419.28,423.86,417.01,421.89,226800.0
2013-10-03,422.38,426.31,417.96,418.26,333700.0,0.0,1.0,422.38,426.31,417.96,418.26,333700.0
2013-10-02,423.0,425.63,419.76,423.0,193500.0,0.0,1.0,423.0,425.63,419.76,423.0,193500.0
2013-10-01,421.86,426.07,421.77,425.11,251900.0,0.0,1.0,421.86,426.07,421.77,425.11,251900.0
2013-09-30,418.89,424.41,417.42,422.73,306600.0,0.0,1.0,418.89,424.41,417.42,422.73,306600.0
2013-09-27,419.9,423.34,417.91,422.57,325500.0,0.0,1.0,419.9,423.34,417.91,422.57,325500.0
2013-09-26,424.88,425.99,420.1,421.68,399100.0,0.0,1.0,424.88,425.99,420.1,421.68,399100.0
2013-09-25,416.56,428.05,410.0,425.07,825100.0,0.0,1.0,416.56,428.05,410.0,425.07,825100.0
2013-09-24,416.64,418.64,408.9,414.31,530000.0,0.0,1.0,416.64,418.64,408.9,414.31,530000.0
2013-09-23,418.92,421.7,415.89,417.81,207100.0,0.0,1.0,418.92,421.7,415.89,417.81,207100.0
2013-09-20,422.98,423.5,412.0,420.0,750900.0,0.0,1.0,422.98,423.5,412.0,420.0,750900.0
2013-09-19,421.99,423.42,417.9,422.79,250400.0,0.0,1.0,421.99,423.42,417.9,422.79,250400.0
2013-09-18,419.66,423.5,416.79,420.62,370500.0,0.0,1.0,419.66,423.5,416.79,420.62,370500.0
2013-09-17,411.29,418.51,409.36,418.51,408300.0,0.0,1.0,411.29,418.51,409.36,418.51,408300.0
2013-09-16,418.12,420.97,411.27,411.89,483400.0,0.0,1.0,418.12,420.97,411.27,411.89,483400.0
2013-09-13,417.99,418.08,413.58,415.7,273100.0,0.0,1.0,417.99,418.08,413.58,415.7,273100.0
2013-09-12,420.6,422.21,415.6,417.06,155500.0,0.0,1.0,420.6,422.21,415.6,417.06,155500.0
2013-09-11,421.21,425.18,419.22,420.83,212400.0,0.0,1.0,421.21,425.18,419.22,420.83,212400.0
2013-09-10,417.54,423.36,415.18,419.92,186100.0,0.0,1.0,417.54,423.36,415.18,419.92,186100.0
2013-09-09,417.99,421.9,416.44,416.5,157800.0,0.0,1.0,417.99,421.9,416.44,416.5,157800.0
2013-09-06,420.36,424.27,416.0,417.53,111300.0,0.0,1.0,420.36,424.27,416.0,417.53,111300.0
2013-09-05,423.38,423.42,418.0,420.1,182100.0,0.0,1.0,423.38,423.42,418.0,420.1,182100.0
2013-09-04,419.97,424.16,419.01,422.81,138700.0,0.0,1.0,419.97,424.16,419.01,422.81,138700.0
2013-09-03,421.45,423.89,419.0,419.76,161400.0,0.0,1.0,421.45,423.89,419.0,419.76,161400.0
2013-08-30,419.45,420.82,416.05,419.94,223600.0,0.0,1.0,419.45,420.82,416.05,419.94,223600.0
2013-08-29,418.01,422.93,417.84,421.52,106400.0,0.0,1.0,418.01,422.93,417.84,421.52,106400.0
2013-08-28,418.19,421.85,416.05,420.02,148700.0,0.0,1.0,418.19,421.85,416.05,420.02,148700.0
2013-08-27,418.79,420.44,418.04,419.12,231700.0,0.0,1.0,418.79,420.44,418.04,419.12,231700.0
2013-08-26,422.77,424.21,417.02,421.42,200600.0,0.0,1.0,422.77,424.21,417.02,421.42,200600.0
2013-08-23,423.34,423.5,418.8,422.35,131300.0,0.0,1.0,423.34,423.5,418.8,422.35,131300.0
2013-08-22,420.47,423.94,419.18,421.11,111700.0,0.0,1.0,420.47,423.94,419.18,421.11,111700.0
2013-08-21,422.83,423.75,419.41,419.96,181300.0,0.0,1.0,422.83,423.75,419.41,419.96,181300.0
2013-08-20,420.76,426.88,419.59,424.83,229700.0,0.0,1.0,420.76,426.88,419.59,424.83,229700.0
2013-08-19,417.22,424.75,415.53,420.4,240500.0,0.0,1.0,417.22,424.75,415.53,420.4,240500.0
2013-08-16,420.0,421.82,416.27,416.52,304400.0,0.0,1.0,420.0,421.82,416.27,416.52,304400.0
2013-08-15,427.01,427.99,419.3,420.06,207300.0,0.0,1.0,427.01,427.99,419.3,420.06,207300.0
2013-08-14,432.23,436.31,428.05,428.55,252500.0,0.0,1.0,432.23,436.31,428.05,428.55,252500.0
2013-08-13,426.41,436.0,425.4,433.8,295200.0,0.0,1.0,426.41,436.0,425.4,433.8,295200.0
2013-08-12,428.22,429.87,424.45,425.6,306300.0,0.0,1.0,428.22,429.87,424.45,425.6,306300.0
2013-08-09,428.94,432.04,424.77,429.59,229600.0,0.0,1.0,428.94,432.04,424.77,429.59,229600.0
2013-08-08,436.23,437.11,424.43,429.02,407600.0,0.0,1.0,436.23,437.11,424.43,429.02,407600.0
2013-08-07,435.18,437.83,432.08,435.04,329000.0,0.0,1.0,435.18,437.83,432.08,435.04,329000.0
2013-08-06,447.15,449.22,439.34,445.01,265700.0,0.0,1.0,447.15,449.22,439.34,445.01,265700.0
2013-08-05,446.99,449.29,446.01,448.25,178900.0,0.0,1.0,446.99,449.29,446.01,448.25,178900.0
2013-08-02,447.8,450.03,446.01,448.04,292600.0,0.0,1.0,447.8,450.03,446.01,448.04,292600.0
2013-08-01,447.58,452.15,445.95,447.99,289100.0,0.0,1.0,447.58,452.15,445.95,447.99,289100.0
2013-07-31,444.04,452.19,443.25,448.58,364200.0,0.0,1.0,444.04,452.19,443.25,448.58,364200.0
2013-07-30,441.5,446.43,438.88,444.69,196200.0,0.0,1.0,441.5,446.43,438.88,444.69,196200.0
2013-07-29,437.59,441.48,435.28,440.73,126000.0,0.0,1.0,437.59,441.48,435.28,440.73,126000.0
2013-07-26,437.11,440.75,435.05,439.66,193000.0,0.0,1.0,437.11,440.75,435.05,439.66,193000.0
2013-07-25,439.1,440.5,434.27,438.02,318000.0,0.0,1.0,439.1,440.5,434.27,438.02,318000.0
2013-07-24,438.42,440.0,434.29,436.35,170100.0,0.0,1.0,438.42,440.0,434.29,436.35,170100.0
2013-07-23,438.27,439.99,435.71,438.45,131900.0,0.0,1.0,438.27,439.99,435.71,438.45,131900.0
2013-07-22,435.6,439.54,432.01,437.72,111700.0,0.0,1.0,435.6,439.54,432.01,437.72,111700.0
2013-07-19,436.83,441.2,434.11,435.97,160000.0,0.0,1.0,436.83,441.2,434.11,435.97,160000.0
2013-07-18,431.61,436.69,429.58,435.32,260200.0,0.0,1.0,431.61,436.69,429.58,435.32,260200.0
2013-07-17,435.49,437.56,429.26,430.0,220000.0,0.0,1.0,435.49,437.56,429.26,430.0,220000.0
2013-07-16,437.53,440.02,430.91,433.71,187800.0,0.0,1.0,437.53,440.02,430.91,433.71,187800.0
2013-07-15,438.68,439.92,434.4,438.0,138800.0,0.0,1.0,438.68,439.92,434.4,438.0,138800.0
2013-07-12,441.5,441.5,436.42,439.3,101700.0,0.0,1.0,441.5,441.5,436.42,439.3,101700.0
2013-07-11,436.84,441.18,435.95,441.0,294500.0,0.0,1.0,436.84,441.18,435.95,441.0,294500.0
2013-07-10,433.83,433.98,428.88,433.48,128700.0,0.0,1.0,433.83,433.98,428.88,433.48,128700.0
2013-07-09,436.52,437.21,431.43,434.56,217000.0,0.0,1.0,436.52,437.21,431.43,434.56,217000.0
2013-07-08,429.09,437.23,429.09,434.91,283400.0,0.0,1.0,429.09,437.23,429.09,434.91,283400.0
2013-07-05,427.15,430.15,422.71,428.52,123400.0,0.0,1.0,427.15,430.15,422.71,428.52,123400.0
2013-07-03,421.75,426.96,421.48,423.88,103000.0,0.0,1.0,421.75,426.96,421.48,423.88,103000.0
2013-07-02,424.45,427.59,422.08,424.2,211100.0,0.0,1.0,424.45,427.59,422.08,424.2,211100.0
2013-07-01,424.44,428.84,423.32,425.27,125100.0,0.0,1.0,424.44,428.84,423.32,425.27,125100.0
2013-06-28,423.54,427.67,418.37,423.69,365400.0,0.0,1.0,423.54,427.67,418.37,423.69,365400.0
2013-06-27,415.65,424.41,415.65,422.87,221500.0,0.0,1.0,415.65,424.41,415.65,422.87,221500.0
2013-06-26,420.75,421.29,412.84,413.99,481500.0,0.0,1.0,420.75,421.29,412.84,413.99,481500.0
2013-06-25,417.56,422.93,417.17,421.48,234300.0,0.0,1.0,417.56,422.93,417.17,421.48,234300.0
2013-06-24,408.18,419.28,405.71,414.99,243800.0,0.0,1.0,408.18,419.28,405.71,414.99,243800.0
2013-06-21,415.28,415.28,408.6,411.98,365500.0,0.0,1.0,415.28,415.28,408.6,411.98,365500.0
2013-06-20,417.63,421.16,412.29,412.65,304100.0,0.0,1.0,417.63,421.16,412.29,412.65,304100.0
2013-06-19,424.88,426.64,420.34,420.75,137900.0,0.0,1.0,424.88,426.64,420.34,420.75,137900.0
2013-06-18,424.93,425.33,420.78,425.33,144900.0,0.0,1.0,424.93,425.33,420.78,425.33,144900.0
2013-06-17,429.81,429.81,420.48,424.83,350400.0,0.0,1.0,429.81,429.81,420.48,424.83,350400.0
2013-06-14,419.46,424.99,418.72,423.34,210700.0,0.0,1.0,419.46,424.99,418.72,423.34,210700.0
2013-06-13,416.87,419.91,415.07,419.5,238200.0,0.0,1.0,416.87,419.91,415.07,419.5,238200.0
2013-06-12,416.61,417.2,415.2,416.0,256000.0,0.0,1.0,416.61,417.2,415.2,416.0,256000.0
2013-06-11,417.5,417.75,414.19,415.0,232700.0,0.0,1.0,417.5,417.75,414.19,415.0,232700.0
2013-06-10,417.82,418.79,414.04,418.75,170300.0,0.0,1.0,417.82,418.79,414.04,418.75,170300.0
2013-06-07,417.77,419.33,413.42,416.68,171800.0,0.0,1.0,417.77,419.33,413.42,416.68,171800.0
2013-06-06,406.11,415.56,406.11,415.39,193500.0,0.0,1.0,406.11,415.56,406.11,415.39,193500.0
2013-06-05,408.31,410.66,404.87,405.31,178600.0,0.0,1.0,408.31,410.66,404.87,405.31,178600.0
2013-06-04,411.02,414.58,406.11,407.8,198400.0,0.0,1.0,411.02,414.58,406.11,407.8,198400.0
2013-06-03,408.35,412.12,407.2,411.21,220200.0,0.0,1.0,408.35,412.12,407.2,411.21,220200.0
2013-05-31,417.01,419.23,408.65,408.83,388500.0,0.0,1.0,417.01,419.23,408.65,408.83,388500.0
2013-05-30,416.95,421.79,416.95,417.94,177700.0,0.0,1.0,416.95,421.79,416.95,417.94,177700.0
2013-05-29,416.11,418.3,412.17,416.75,130900.0,0.0,1.0,416.11,418.3,412.17,416.75,130900.0
2013-05-28,418.74,420.55,415.4,418.95,137900.0,0.0,1.0,418.74,420.55,415.4,418.95,137900.0
2013-05-24,416.0,418.66,413.47,415.81,135000.0,0.0,1.0,416.0,418.66,413.47,415.81,135000.0
2013-05-23,417.08,420.36,415.01,418.9,330200.0,0.0,1.0,417.08,420.36,415.01,418.9,330200.0
2013-05-22,426.76,426.76,416.72,417.72,339300.0,0.0,1.0,426.76,426.76,416.72,417.72,339300.0
2013-05-21,413.16,435.36,413.16,427.84,740600.0,0.0,1.0,413.16,435.36,413.16,427.84,740600.0
2013-05-20,410.37,414.0,401.93,409.05,327200.0,0.0,1.0,410.37,414.0,401.93,409.05,327200.0
2013-05-17,413.94,415.59,410.14,411.29,247000.0,0.0,1.0,413.94,415.59,410.14,411.29,247000.0
2013-05-16,416.97,418.23,412.72,413.5,184100.0,0.0,1.0,416.97,418.23,412.72,413.5,184100.0
2013-05-15,417.81,419.57,416.7,418.28,191300.0,0.0,1.0,417.81,419.57,416.7,418.28,191300.0
2013-05-14,418.07,419.64,416.13,417.56,235300.0,0.0,1.0,418.07,419.64,416.13,417.56,235300.0
2013-05-13,408.21,416.39,408.0,415.76,335700.0,0.0,1.0,408.21,416.39,408.0,415.76,335700.0
2013-05-10,416.62,423.46,416.59,420.95,313800.0,0.0,1.0,416.62,423.46,416.59,420.95,313800.0
2013-05-09,418.99,419.8,414.29,415.33,121300.0,0.0,1.0,418.99,419.8,414.29,415.33,121300.0
2013-05-08,418.01,419.82,416.6,419.27,189300.0,0.0,1.0,418.01,419.82,416.6,419.27,189300.0
2013-05-07,413.44,419.01,411.5,418.95,170900.0,0.0,1.0,413.44,419.01,411.5,418.95,170900.0
2013-05-06,410.93,413.5,410.03,413.49,189500.0,0.0,1.0,410.93,413.5,410.03,413.49,189500.0
2013-05-03,409.55,413.0,407.29,411.11,167000.0,0.0,1.0,409.55,413.0,407.29,411.11,167000.0
2013-05-02,409.29,410.86,405.26,407.58,210600.0,0.0,1.0,409.29,410.86,405.26,407.58,210600.0
2013-05-01,409.19,413.28,408.27,410.28,199400.0,0.0,1.0,409.19,413.28,408.27,410.28,199400.0
2013-04-30,404.05,409.25,400.74,409.09,289900.0,0.0,1.0,404.05,409.25,400.74,409.09,289900.0
2013-04-29,406.56,408.5,402.3,403.87,183200.0,0.0,1.0,406.56,408.5,402.3,403.87,183200.0
2013-04-26,398.81,408.5,398.14,406.73,363000.0,0.0,1.0,398.81,408.5,398.14,406.73,363000.0
2013-04-25,393.0,402.1,390.0,398.26,422000.0,0.0,1.0,393.0,402.1,390.0,398.26,422000.0
2013-04-24,384.65,386.0,381.84,383.95,211300.0,0.0,1.0,384.65,386.0,381.84,383.95,211300.0
2013-04-23,379.82,384.57,378.85,383.62,300100.0,0.0,1.0,379.82,384.57,378.85,383.62,300100.0
2013-04-22,379.85,380.68,375.57,378.76,326900.0,0.0,1.0,379.85,380.68,375.57,378.76,326900.0
2013-04-19,379.49,382.05,375.12,378.43,325100.0,0.0,1.0,379.49,382.05,375.12,378.43,325100.0
2013-04-18,383.1,383.65,375.94,379.01,438800.0,0.0,1.0,383.1,383.65,375.94,379.01,438800.0
2013-04-17,382.29,384.08,378.65,381.93,322800.0,0.0,1.0,382.29,384.08,378.65,381.93,322800.0
2013-04-16,386.0,387.48,379.79,384.59,387100.0,0.0,1.0,386.0,387.48,379.79,384.59,387100.0
2013-04-15,391.74,393.74,384.64,384.87,328700.0,0.0,1.0,391.74,393.74,384.64,384.87,328700.0
2013-04-12,390.24,395.13,390.24,393.57,173300.0,0.0,1.0,390.24,395.13,390.24,393.57,173300.0
2013-04-11,390.45,396.89,388.05,392.83,182700.0,0.0,1.0,390.45,396.89,388.05,392.83,182700.0
2013-04-10,385.3,394.09,385.3,389.98,356700.0,0.0,1.0,385.3,394.09,385.3,389.98,356700.0
2013-04-09,392.0,392.99,382.98,384.03,577800.0,0.0,1.0,392.0,392.99,382.98,384.03,577800.0
2013-04-08,397.0,399.53,392.74,395.36,220100.0,0.0,1.0,397.0,399.53,392.74,395.36,220100.0
2013-04-05,397.82,399.45,394.59,397.2,246700.0,0.0,1.0,397.82,399.45,394.59,397.2,246700.0
2013-04-04,395.11,402.09,394.0,401.83,211800.0,0.0,1.0,395.11,402.09,394.0,401.83,211800.0
2013-04-03,401.3,401.3,393.61,393.98,513700.0,0.0,1.0,401.3,401.3,393.61,393.98,513700.0
2013-04-02,394.26,402.08,394.26,400.99,368200.0,0.0,1.0,394.26,402.08,394.26,400.99,368200.0
2013-04-01,396.01,397.8,392.76,393.19,157700.0,0.0,1.0,396.01,397.8,392.76,393.19,157700.0
2013-03-28,393.24,396.79,391.05,396.77,537600.0,0.0,1.0,393.24,396.79,391.05,396.77,537600.0
2013-03-27,392.58,394.64,389.59,393.94,189200.0,0.0,1.0,392.58,394.64,389.59,393.94,189200.0
2013-03-26,394.48,394.48,388.63,394.04,345000.0,0.0,1.0,394.48,394.48,388.63,394.04,345000.0
2013-03-25,396.19,396.19,391.46,393.33,263900.0,0.0,1.0,396.19,396.19,391.46,393.33,263900.0
2013-03-22,394.18,396.11,392.26,395.72,175800.0,0.0,1.0,394.18,396.11,392.26,395.72,175800.0
2013-03-21,394.38,395.65,391.35,393.26,173200.0,0.0,1.0,394.38,395.65,391.35,393.26,173200.0
2013-03-20,392.08,397.1,390.79,396.0,294100.0,0.0,1.0,392.08,397.1,390.79,396.0,294100.0
2013-03-19,392.39,392.66,387.78,390.41,219500.0,0.0,1.0,392.39,392.66,387.78,390.41,219500.0
2013-03-18,390.02,392.29,388.91,391.47,175600.0,0.0,1.0,390.02,392.29,388.91,391.47,175600.0
2013-03-15,388.33,392.75,386.56,391.89,404600.0,0.0,1.0,388.33,392.75,386.56,391.89,404600.0
2013-03-14,391.69,392.6,389.19,389.65,318100.0,0.0,1.0,391.69,392.6,389.19,389.65,318100.0
2013-03-13,388.25,392.59,387.6,392.04,383300.0,0.0,1.0,388.25,392.59,387.6,392.04,383300.0
2013-03-12,388.75,390.49,386.97,388.87,392000.0,0.0,1.0,388.75,390.49,386.97,388.87,392000.0
2013-03-11,385.28,388.47,383.74,388.33,375000.0,0.0,1.0,385.28,388.47,383.74,388.33,375000.0
2013-03-08,381.9,385.6,379.32,385.25,350500.0,0.0,1.0,381.9,385.6,379.32,385.25,350500.0
2013-03-07,377.48,381.6,375.29,381.52,397900.0,0.0,1.0,377.48,381.6,375.29,381.52,397900.0
2013-03-06,382.31,383.0,375.42,376.55,428500.0,0.0,1.0,382.31,383.0,375.42,376.55,428500.0
2013-03-05,382.0,382.99,380.82,382.32,215000.0,0.0,1.0,382.0,382.99,380.82,382.32,215000.0
2013-03-04,378.02,381.49,377.47,380.66,316800.0,0.0,1.0,378.02,381.49,377.47,380.66,316800.0
2013-03-01,379.13,379.5,376.7,378.14,228700.0,0.0,1.0,379.13,379.5,376.7,378.14,228700.0
2013-02-28,376.01,380.16,375.11,380.15,459600.0,0.0,1.0,376.01,380.16,375.11,380.15,459600.0
2013-02-27,378.08,379.88,374.33,376.79,352200.0,0.0,1.0,378.08,379.88,374.33,376.79,352200.0
2013-02-26,377.26,381.62,369.79,376.15,986300.0,0.0,1.0,377.26,381.62,369.79,376.15,986300.0
2013-02-25,384.63,386.64,378.54,378.54,629500.0,0.0,1.0,384.63,386.64,378.54,378.54,629500.0
2013-02-22,377.83,385.98,377.83,385.2,512000.0,0.0,1.0,377.83,385.98,377.83,385.2,512000.0
2013-02-21,378.59,383.64,376.42,377.56,432800.0,0.0,1.0,378.59,383.64,376.42,377.56,432800.0
2013-02-20,375.58,380.57,374.2,379.96,577400.0,0.0,1.0,375.58,380.57,374.2,379.96,577400.0
2013-02-19,374.45,375.39,370.64,375.21,608400.0,0.0,1.0,374.45,375.39,370.64,375.21,608400.0
2013-02-15,375.0,375.56,369.47,373.7,646500.0,0.0,1.0,375.0,375.56,369.47,373.7,646500.0
2013-02-14,378.5,380.5,372.94,373.61,742400.0,0.0,1.0,378.5,380.5,372.94,373.61,742400.0
2013-02-13,382.14,384.01,377.88,379.73,538000.0,0.0,1.0,382.14,384.01,377.88,379.73,538000.0
2013-02-12,385.35,386.94,380.79,382.09,550300.0,0.0,1.0,385.35,386.94,380.79,382.09,550300.0
2013-02-11,384.63,387.38,384.23,385.23,523500.0,0.0,1.0,384.63,387.38,384.23,385.23,523500.0
2013-02-08,380.32,386.4,379.58,385.89,790900.0,0.0,1.0,380.32,386.4,379.58,385.89,790900.0
2013-02-07,377.5,383.1,374.46,379.85,1112100.0,0.0,1.0,377.5,383.1,374.46,379.85,1112100.0
2013-02-06,367.47,370.16,366.22,369.0,303600.0,0.0,1.0,367.47,370.16,366.22,369.0,303600.0
2013-02-05,369.92,371.03,367.38,368.77,266300.0,0.0,1.0,369.92,371.03,367.38,368.77,266300.0
2013-02-04,373.49,373.99,365.51,367.05,401700.0,0.0,1.0,373.49,373.99,365.51,367.05,401700.0
2013-02-01,370.57,376.16,368.74,374.88,667100.0,0.0,1.0,370.57,376.16,368.74,374.88,667100.0
2013-01-31,364.67,369.7,363.2,369.7,465900.0,0.0,1.0,364.67,369.7,363.2,369.7,465900.0
2013-01-30,361.98,364.86,361.24,364.85,295700.0,0.0,1.0,361.98,364.86,361.24,364.85,295700.0
2013-01-29,367.0,368.83,361.95,361.95,502200.0,0.0,1.0,367.0,368.83,361.95,361.95,502200.0
2013-01-28,366.19,373.45,363.34,369.52,634900.0,0.0,1.0,366.19,373.45,363.34,369.52,634900.0
2013-01-25,357.89,367.1,357.16,365.36,566400.0,0.0,1.0,357.89,367.1,357.16,365.36,566400.0
2013-01-24,357.41,359.98,355.0,357.57,563100.0,0.0,1.0,357.41,359.98,355.0,357.57,563100.0
2013-01-23,352.84,357.18,351.03,356.53,425100.0,0.0,1.0,352.84,357.18,351.03,356.53,425100.0
2013-01-22,347.2,354.7,347.2,353.37,402600.0,0.0,1.0,347.2,354.7,347.2,353.37,402600.0
2013-01-18,347.81,350.49,345.04,349.6,317500.0,0.0,1.0,347.81,350.49,345.04,349.6,317500.0
2013-01-17,350.0,351.18,347.28,348.63,206600.0,0.0,1.0,350.0,351.18,347.28,348.63,206600.0
2013-01-16,350.64,350.99,346.37,349.33,261500.0,0.0,1.0,350.64,350.99,346.37,349.33,261500.0
2013-01-15,343.98,352.79,342.27,350.9,567100.0,0.0,1.0,343.98,352.79,342.27,350.9,567100.0
2013-01-14,346.71,347.78,343.27,344.99,278300.0,0.0,1.0,346.71,347.78,343.27,344.99,278300.0
2013-01-11,346.94,347.84,341.98,346.23,470600.0,0.0,1.0,346.94,347.84,341.98,346.23,470600.0
2013-01-10,349.85,352.16,344.33,346.5,729300.0,0.0,1.0,349.85,352.16,344.33,346.5,729300.0
2013-01-09,348.61,352.51,347.06,349.6,452300.0,0.0,1.0,348.61,352.51,347.06,349.6,452300.0
2013-01-08,345.47,350.88,342.84,348.25,877500.0,0.0,1.0,345.47,350.88,342.84,348.25,877500.0
2013-01-07,360.97,360.97,354.68,356.17,345300.0,0.0,1.0,360.97,360.97,354.68,356.17,345300.0
2013-01-04,357.28,361.1,357.12,360.85,351500.0,0.0,1.0,357.28,361.1,357.12,360.85,351500.0
2013-01-03,355.43,357.91,353.75,356.14,299300.0,0.0,1.0,355.43,357.91,353.75,356.14,299300.0
2013-01-02,357.0,358.13,354.96,356.88,440800.0,0.0,1.0,357.0,358.13,354.96,356.88,440800.0
2012-12-31,347.79,354.76,346.98,354.43,265300.0,0.0,1.0,347.79,354.76,346.98,354.43,265300.0
2012-12-28,352.02,352.61,345.88,348.57,446800.0,0.0,1.0,352.02,352.61,345.88,348.57,446800.0
2012-12-27,351.25,354.09,345.3,353.1,437900.0,0.0,1.0,351.25,354.09,345.3,353.1,437900.0
2012-12-26,355.24,355.28,346.93,351.09,447900.0,0.0,1.0,355.24,355.28,346.93,351.09,447900.0
2012-12-24,363.44,363.44,354.41,355.2,182600.0,0.0,1.0,363.44,363.44,354.41,355.2,182600.0
2012-12-21,353.0,359.57,351.48,358.28,694900.0,0.0,1.0,353.0,359.57,351.48,358.28,694900.0
2012-12-20,359.43,360.74,355.23,356.02,552800.0,0.0,1.0,359.43,360.74,355.23,356.02,552800.0
2012-12-19,360.0,362.25,358.13,359.48,418300.0,0.0,1.0,360.0,362.25,358.13,359.48,418300.0
2012-12-18,363.2,364.45,359.16,360.07,546900.0,0.0,1.0,363.2,364.45,359.16,360.07,546900.0
2012-12-17,358.39,363.4,357.38,363.4,615600.0,0.0,1.0,358.39,363.4,357.38,363.4,615600.0
2012-12-14,358.14,361.55,355.01,357.68,491400.0,0.0,1.0,358.14,361.55,355.01,357.68,491400.0
2012-12-13,358.27,363.17,357.6,359.32,547400.0,0.0,1.0,358.27,363.17,357.6,359.32,547400.0
2012-12-12,357.43,359.07,355.0,357.56,931000.0,0.0,1.0,357.43,359.07,355.0,357.56,931000.0
2012-12-11,356.56,362.22,354.76,355.5,790600.0,0.0,1.0,356.56,362.22,354.76,355.5,790600.0
2012-12-10,359.15,359.15,354.45,355.15,456800.0,0.0,1.0,359.15,359.15,354.45,355.15,456800.0
2012-12-07,367.01,367.01,357.71,359.16,575000.0,0.0,1.0,367.01,367.01,357.71,359.16,575000.0
2012-12-06,355.92,367.17,355.38,364.07,668400.0,0.0,1.0,355.92,367.17,355.38,364.07,668400.0
2012-12-05,366.09,368.99,356.03,360.27,979600.0,0.0,1.0,366.09,368.99,356.03,360.27,979600.0
2012-12-04,373.01,384.25,361.75,366.8,1007700.0,0.0,1.0,373.01,384.25,361.75,366.8,1007700.0
2012-12-03,384.0,384.1,377.13,378.01,491200.0,0.0,1.0,384.0,384.1,377.13,378.01,491200.0
2012-11-30,379.7,384.02,377.79,383.77,428600.0,0.0,1.0,379.7,384.02,377.79,383.77,428600.0
2012-11-29,381.84,382.7,377.74,379.78,485900.0,0.0,1.0,381.84,382.7,377.74,379.78,485900.0
2012-11-28,381.8,383.86,379.95,383.86,486000.0,0.0,1.0,381.8,383.86,379.95,383.86,486000.0
2012-11-27,390.11,390.11,378.44,382.38,336500.0,0.0,1.0,390.11,390.11,378.44,382.38,336500.0
2012-11-26,383.62,383.99,380.12,382.93,323500.0,0.0,1.0,383.62,383.99,380.12,382.93,323500.0
2012-11-23,383.38,383.99,381.0,383.12,104200.0,0.0,1.0,383.38,383.99,381.0,383.12,104200.0
2012-11-21,381.57,383.75,379.9,381.87,297800.0,0.0,1.0,381.57,383.75,379.9,381.87,297800.0
2012-11-20,382.2,383.5,377.97,381.13,330800.0,0.0,1.0,382.2,383.5,377.97,381.13,330800.0
2012-11-19,381.57,385.01,380.52,382.3,213900.0,0.0,1.0,381.57,385.01,380.52,382.3,213900.0
2012-11-16,372.75,381.01,370.53,380.5,725900.0,0.0,1.0,372.75,381.01,370.53,380.5,725900.0
2012-11-15,369.87,373.82,367.88,372.78,290600.0,0.0,1.0,369.87,373.82,367.88,372.78,290600.0
2012-11-14,375.07,376.66,368.68,369.75,282400.0,0.0,1.0,375.07,376.66,368.68,369.75,282400.0
2012-11-13,373.01,377.91,373.01,373.55,249800.0,0.0,1.0,373.01,377.91,373.01,373.55,249800.0
2012-11-12,376.59,380.08,374.14,374.38,254200.0,0.0,1.0,376.59,380.08,374.14,374.38,254200.0
2012-11-09,378.39,380.95,374.89,376.89,314700.0,0.0,1.0,378.39,380.95,374.89,376.89,314700.0
2012-11-08,383.75,385.44,378.45,378.97,338100.0,0.0,1.0,383.75,385.44,378.45,378.97,338100.0
2012-11-07,380.48,386.25,380.48,384.37,403400.0,0.0,1.0,380.48,386.25,380.48,384.37,403400.0
2012-11-06,384.15,385.73,381.36,385.26,356700.0,0.0,1.0,384.15,385.73,381.36,385.26,356700.0
2012-11-05,383.33,384.87,381.27,383.23,204700.0,0.0,1.0,383.33,384.87,381.27,383.23,204700.0
2012-11-02,382.41,386.17,380.25,382.91,621000.0,0.0,1.0,382.41,386.17,380.25,382.91,621000.0
2012-11-01,376.0,386.8,372.26,380.34,673100.0,0.0,1.0,376.0,386.8,372.26,380.34,673100.0
2012-10-31,371.75,379.33,366.53,375.0,370200.0,0.0,1.0,371.75,379.33,366.53,375.0,370200.0
2012-10-26,367.63,371.34,365.94,370.75,259700.0,0.0,1.0,367.63,371.34,365.94,370.75,259700.0
2012-10-25,367.43,370.05,363.73,367.78,387400.0,0.0,1.0,367.43,370.05,363.73,367.78,387400.0
2012-10-24,371.95,371.95,363.02,364.36,438400.0,0.0,1.0,371.95,371.95,363.02,364.36,438400.0
2012-10-23,358.31,366.96,358.31,366.74,620700.0,0.0,1.0,358.31,366.96,358.31,366.74,620700.0
2012-10-22,360.92,366.61,360.0,365.8,808700.0,0.0,1.0,360.92,366.61,360.0,365.8,808700.0
2012-10-19,367.26,372.1,367.2,369.0,403100.0,0.0,1.0,367.26,372.1,367.2,369.0,403100.0
2012-10-18,366.35,373.33,365.26,370.39,721500.0,0.0,1.0,366.35,373.33,365.26,370.39,721500.0
2012-10-17,372.1,372.42,369.34,369.47,463200.0,0.0,1.0,372.1,372.42,369.34,369.47,463200.0
2012-10-16,369.31,373.98,368.13,370.69,495600.0,0.0,1.0,369.31,373.98,368.13,370.69,495600.0
2012-10-15,375.02,375.47,371.69,374.72,480900.0,0.0,1.0,375.02,375.47,371.69,374.72,480900.0
2012-10-12,376.02,378.34,371.55,373.05,393200.0,0.0,1.0,376.02,378.34,371.55,373.05,393200.0
2012-10-11,380.46,380.46,374.35,374.35,427000.0,0.0,1.0,380.46,380.46,374.35,374.35,427000.0
2012-10-10,378.6,380.0,376.19,377.35,438200.0,0.0,1.0,378.6,380.0,376.19,377.35,438200.0
2012-10-09,381.17,381.79,379.7,379.89,468700.0,0.0,1.0,381.17,381.79,379.7,379.89,468700.0
2012-10-08,380.82,382.51,379.88,381.42,264400.0,0.0,1.0,380.82,382.51,379.88,381.42,264400.0
2012-10-05,378.75,382.1,377.16,381.29,604800.0,0.0,1.0,378.75,382.1,377.16,381.29,604800.0
2012-10-04,369.5,377.89,369.5,376.79,564100.0,0.0,1.0,369.5,377.89,369.5,376.79,564100.0
2012-10-03,371.27,373.2,370.23,372.14,544900.0,0.0,1.0,371.27,373.2,370.23,372.14,544900.0
2012-10-02,371.4,371.4,368.73,369.91,465500.0,0.0,1.0,371.4,371.4,368.73,369.91,465500.0
2012-10-01,362.34,372.98,362.34,369.07,427600.0,0.0,1.0,362.34,372.98,362.34,369.07,427600.0
2012-09-28,370.28,371.39,368.55,369.67,458500.0,0.0,1.0,370.28,371.39,368.55,369.67,458500.0
2012-09-27,374.9,378.52,370.08,371.47,610200.0,0.0,1.0,374.9,378.52,370.08,371.47,610200.0
2012-09-26,367.54,375.87,366.8,372.89,883200.0,0.0,1.0,367.54,375.87,366.8,372.89,883200.0
2012-09-25,369.31,371.91,367.33,368.54,626500.0,0.0,1.0,369.31,371.91,367.33,368.54,626500.0
2012-09-24,369.38,371.78,368.0,369.3,833000.0,0.0,1.0,369.38,371.78,368.0,369.3,833000.0
2012-09-21,370.85,374.99,370.85,371.8,2279500.0,0.0,1.0,370.85,374.99,370.85,371.8,2279500.0
2012-09-20,376.67,376.67,364.67,371.63,1391500.0,0.0,1.0,376.67,376.67,364.67,371.63,1391500.0
2012-09-19,355.0,375.43,353.0,369.84,2193700.0,0.0,1.0,355.0,375.43,353.0,369.84,2193700.0
2012-09-18,355.61,358.75,353.38,357.84,709800.0,0.0,1.0,355.61,358.75,353.38,357.84,709800.0
2012-09-17,352.25,359.54,351.57,357.38,724400.0,0.0,1.0,352.25,359.54,351.57,357.38,724400.0
2012-09-14,369.85,370.0,351.27,351.99,1413000.0,0.0,1.0,369.85,370.0,351.27,351.99,1413000.0
2012-09-13,371.77,373.67,367.5,369.96,500800.0,0.0,1.0,371.77,373.67,367.5,369.96,500800.0
2012-09-12,370.99,373.71,367.94,373.16,360300.0,0.0,1.0,370.99,373.71,367.94,373.16,360300.0
2012-09-11,364.0,371.41,364.0,369.9,432100.0,0.0,1.0,364.0,371.41,364.0,369.9,432100.0
2012-09-10,368.14,371.0,362.95,366.28,484000.0,0.0,1.0,368.14,371.0,362.95,366.28,484000.0
2012-09-07,367.84,369.77,365.89,369.72,254400.0,0.0,1.0,367.84,369.77,365.89,369.72,254400.0
2012-09-06,364.96,370.41,363.32,368.72,412200.0,0.0,1.0,364.96,370.41,363.32,368.72,412200.0
2012-09-05,359.13,363.45,358.68,363.07,419500.0,0.0,1.0,359.13,363.45,358.68,363.07,419500.0
2012-09-04,357.73,362.08,356.22,358.28,333700.0,0.0,1.0,357.73,362.08,356.22,358.28,333700.0
2012-08-31,363.03,363.53,359.37,361.64,447800.0,0.0,1.0,363.03,363.53,359.37,361.64,447800.0
2012-08-30,362.25,364.21,358.15,359.87,347600.0,0.0,1.0,362.25,364.21,358.15,359.87,347600.0
2012-08-29,365.13,366.18,361.55,363.0,424600.0,0.0,1.0,365.13,366.18,361.55,363.0,424600.0
2012-08-28,365.43,368.47,363.67,364.72,216200.0,0.0,1.0,365.43,368.47,363.67,364.72,216200.0
2012-08-27,366.16,370.2,363.3,366.45,236800.0,0.0,1.0,366.16,370.2,363.3,366.45,236800.0
2012-08-24,362.65,365.8,362.15,365.08,170800.0,0.0,1.0,362.65,365.8,362.15,365.08,170800.0
2012-08-23,364.45,365.92,361.68,363.26,195400.0,0.0,1.0,364.45,365.92,361.68,363.26,195400.0
2012-08-22,364.18,366.35,362.5,365.5,204600.0,0.0,1.0,364.18,366.35,362.5,365.5,204600.0
2012-08-21,366.76,367.95,363.66,364.18,301000.0,0.0,1.0,366.76,367.95,363.66,364.18,301000.0
2012-08-20,361.87,365.64,361.87,364.56,481100.0,0.0,1.0,361.87,365.64,361.87,364.56,481100.0
2012-08-17,357.75,364.81,357.75,363.65,418000.0,0.0,1.0,357.75,364.81,357.75,363.65,418000.0
2012-08-16,356.47,359.14,355.75,358.55,349300.0,0.0,1.0,356.47,359.14,355.75,358.55,349300.0
2012-08-15,358.0,361.07,355.75,357.86,425600.0,0.0,1.0,358.0,361.07,355.75,357.86,425600.0
2012-08-14,356.59,359.65,353.84,357.0,380300.0,0.0,1.0,356.59,359.65,353.84,357.0,380300.0
2012-08-13,358.62,359.78,353.49,355.31,495500.0,0.0,1.0,358.62,359.78,353.49,355.31,495500.0
2012-08-10,363.37,364.14,354.74,359.29,522700.0,0.0,1.0,363.37,364.14,354.74,359.29,522700.0
2012-08-09,357.29,365.15,356.99,363.12,554300.0,0.0,1.0,357.29,365.15,356.99,363.12,554300.0
2012-08-08,365.07,368.52,362.25,363.82,475000.0,0.0,1.0,365.07,368.52,362.25,363.82,475000.0
2012-08-07,364.94,369.28,360.32,367.47,619300.0,0.0,1.0,364.94,369.28,360.32,367.47,619300.0
2012-08-06,366.71,372.42,362.05,363.25,566300.0,0.0,1.0,366.71,372.42,362.05,363.25,566300.0
2012-08-03,366.26,374.89,365.0,366.3,625400.0,0.0,1.0,366.26,374.89,365.0,366.3,625400.0
2012-08-02,362.19,364.68,357.51,362.34,569200.0,0.0,1.0,362.19,364.68,357.51,362.34,569200.0
2012-08-01,377.56,379.43,362.67,362.77,369200.0,0.0,1.0,377.56,379.43,362.67,362.77,369200.0
2012-07-31,374.17,379.48,372.61,375.23,336600.0,0.0,1.0,374.17,379.48,372.61,375.23,336600.0
2012-07-30,374.53,378.07,374.16,375.79,263900.0,0.0,1.0,374.53,378.07,374.16,375.79,263900.0
2012-07-27,381.91,381.91,372.1,374.79,317000.0,0.0,1.0,381.91,381.91,372.1,374.79,317000.0
2012-07-26,380.0,380.0,367.14,373.38,507600.0,0.0,1.0,380.0,380.0,367.14,373.38,507600.0
2012-07-25,376.34,379.68,374.97,378.39,218000.0,0.0,1.0,376.34,379.68,374.97,378.39,218000.0
2012-07-24,377.32,379.89,374.15,376.34,183600.0,0.0,1.0,377.32,379.89,374.15,376.34,183600.0
2012-07-23,374.32,379.18,373.05,377.63,229300.0,0.0,1.0,374.32,379.18,373.05,377.63,229300.0
2012-07-20,381.61,381.85,377.86,377.98,249600.0,0.0,1.0,381.61,381.85,377.86,377.98,249600.0
2012-07-19,385.02,385.02,378.13,382.9,339200.0,0.0,1.0,385.02,385.02,378.13,382.9,339200.0
2012-07-18,380.01,385.72,380.01,384.24,190800.0,0.0,1.0,380.01,385.72,380.01,384.24,190800.0
2012-07-17,383.49,386.13,379.79,380.89,228800.0,0.0,1.0,383.49,386.13,379.79,380.89,228800.0
2012-07-16,378.86,387.82,378.86,380.27,319900.0,0.0,1.0,378.86,387.82,378.86,380.27,319900.0
2012-07-13,381.11,385.13,380.39,380.94,295100.0,0.0,1.0,381.11,385.13,380.39,380.94,295100.0
2012-07-12,368.61,386.13,368.61,382.45,1088800.0,0.0,1.0,368.61,386.13,368.61,382.45,1088800.0
2012-07-11,365.05,370.34,362.87,368.93,546700.0,0.0,1.0,365.05,370.34,362.87,368.93,546700.0
2012-07-10,367.06,368.93,364.43,366.47,363100.0,0.0,1.0,367.06,368.93,364.43,366.47,363100.0
2012-07-09,357.28,368.03,357.28,367.23,457500.0,0.0,1.0,357.28,368.03,357.28,367.23,457500.0
2012-07-06,363.29,366.09,361.6,364.52,340600.0,0.0,1.0,363.29,366.09,361.6,364.52,340600.0
2012-07-05,357.55,368.87,357.55,366.55,329500.0,0.0,1.0,357.55,368.87,357.55,366.55,329500.0
2012-07-03,364.77,365.69,360.1,362.49,262600.0,0.0,1.0,364.77,365.69,360.1,362.49,262600.0
2012-07-02,366.22,366.65,362.81,364.22,384000.0,0.0,1.0,366.22,366.65,362.81,364.22,384000.0
2012-06-29,363.97,367.17,357.57,367.17,674700.0,0.0,1.0,363.97,367.17,357.57,367.17,674700.0
2012-06-28,356.67,359.57,353.88,358.43,646800.0,0.0,1.0,356.67,359.57,353.88,358.43,646800.0
2012-06-27,354.99,365.99,353.38,359.0,2152700.0,0.0,1.0,354.99,365.99,353.38,359.0,2152700.0
2012-06-26,375.0,378.61,368.84,376.49,428900.0,0.0,1.0,375.0,378.61,368.84,376.49,428900.0
2012-06-25,381.21,382.0,374.98,375.03,291700.0,0.0,1.0,381.21,382.0,374.98,375.03,291700.0
2012-06-22,380.58,383.79,380.12,382.76,992800.0,0.0,1.0,380.58,383.79,380.12,382.76,992800.0
2012-06-21,387.58,388.0,378.27,381.64,399900.0,0.0,1.0,387.58,388.0,378.27,381.64,399900.0
2012-06-20,388.11,388.11,382.75,387.65,420300.0,0.0,1.0,388.11,388.11,382.75,387.65,420300.0
2012-06-19,385.49,388.86,385.35,387.91,478500.0,0.0,1.0,385.49,388.86,385.35,387.91,478500.0
2012-06-18,384.86,388.27,383.27,386.73,350500.0,0.0,1.0,384.86,388.27,383.27,386.73,350500.0
2012-06-15,386.9,387.01,381.3,385.3,427800.0,0.0,1.0,386.9,387.01,381.3,385.3,427800.0
2012-06-14,384.87,387.59,383.16,385.75,389400.0,0.0,1.0,384.87,387.59,383.16,385.75,389400.0
2012-06-13,385.44,389.61,382.19,382.91,323300.0,0.0,1.0,385.44,389.61,382.19,382.91,323300.0
2012-06-12,382.31,386.86,382.31,386.65,266400.0,0.0,1.0,382.31,386.86,382.31,386.65,266400.0
2012-06-11,389.59,389.59,382.22,382.31,386400.0,0.0,1.0,389.59,389.59,382.22,382.31,386400.0
2012-06-08,385.53,386.64,381.63,385.76,283200.0,0.0,1.0,385.53,386.64,381.63,385.76,283200.0
2012-06-07,388.06,391.9,383.88,383.88,429800.0,0.0,1.0,388.06,391.9,383.88,383.88,429800.0
2012-06-06,381.43,388.46,380.01,387.96,416000.0,0.0,1.0,381.43,388.46,380.01,387.96,416000.0
2012-06-05,375.58,380.48,373.93,379.18,259400.0,0.0,1.0,375.58,380.48,373.93,379.18,259400.0
2012-06-04,372.83,377.56,369.56,377.0,394700.0,0.0,1.0,372.83,377.56,369.56,377.0,394700.0
2012-06-01,380.65,380.65,373.52,373.68,571700.0,0.0,1.0,380.65,380.65,373.52,373.68,571700.0
2012-05-31,377.99,382.68,373.5,380.26,1006500.0,0.0,1.0,377.99,382.68,373.5,380.26,1006500.0
2012-05-30,381.85,381.85,374.78,379.25,544500.0,0.0,1.0,381.85,381.85,374.78,379.25,544500.0
2012-05-29,381.48,381.72,373.23,381.72,479700.0,0.0,1.0,381.48,381.72,373.23,381.72,479700.0
2012-05-25,372.89,375.58,368.56,374.37,789500.0,0.0,1.0,372.89,375.58,368.56,374.37,789500.0
2012-05-24,370.01,373.89,369.0,369.4,631900.0,0.0,1.0,370.01,373.89,369.0,369.4,631900.0
2012-05-23,357.6,374.25,355.06,372.84,906000.0,0.0,1.0,357.6,374.25,355.06,372.84,906000.0
2012-05-22,357.0,374.83,356.54,361.14,1354900.0,0.0,1.0,357.0,374.83,356.54,361.14,1354900.0
2012-05-21,370.0,375.71,367.01,368.55,625500.0,0.0,1.0,370.0,375.71,367.01,368.55,625500.0
2012-05-18,369.91,377.69,366.66,372.45,998200.0,0.0,1.0,369.91,377.69,366.66,372.45,998200.0
2012-05-17,375.97,377.97,362.66,365.58,1870500.0,0.0,1.0,375.97,377.97,362.66,365.58,1870500.0
2012-05-16,381.76,389.89,381.76,388.87,412200.0,0.0,1.0,381.76,389.89,381.76,388.87,412200.0
2012-05-15,377.3,383.85,376.38,382.48,255000.0,0.0,1.0,377.3,383.85,376.38,382.48,255000.0
2012-05-14,385.5,386.52,377.43,377.62,366800.0,0.0,1.0,385.5,386.52,377.43,377.62,366800.0
2012-05-11,383.35,389.64,383.35,387.5,285000.0,0.0,1.0,383.35,389.64,383.35,387.5,285000.0
2012-05-10,383.9,388.22,382.1,385.73,327200.0,0.0,1.0,383.9,388.22,382.1,385.73,327200.0
2012-05-09,383.38,387.09,380.3,382.88,256000.0,0.0,1.0,383.38,387.09,380.3,382.88,256000.0
2012-05-08,385.89,387.53,380.19,383.8,335300.0,0.0,1.0,385.89,387.53,380.19,383.8,335300.0
2012-05-07,388.08,391.46,385.6,386.91,294000.0,0.0,1.0,388.08,391.46,385.6,386.91,294000.0
2012-05-04,391.06,394.28,386.35,389.43,420100.0,0.0,1.0,391.06,394.28,386.35,389.43,420100.0
2012-05-03,397.72,398.2,392.71,393.7,179400.0,0.0,1.0,397.72,398.2,392.71,393.7,179400.0
2012-05-02,396.56,397.68,393.82,396.44,151000.0,0.0,1.0,396.56,397.68,393.82,396.44,151000.0
2012-05-01,393.37,399.03,392.21,395.41,232800.0,0.0,1.0,393.37,399.03,392.21,395.41,232800.0
2012-04-30,398.85,399.1,393.73,396.16,258000.0,0.0,1.0,398.85,399.1,393.73,396.16,258000.0
2012-04-27,395.2,399.1,394.47,397.13,455400.0,0.0,1.0,395.2,399.1,394.47,397.13,455400.0
2012-04-26,380.95,395.12,380.95,393.72,833500.0,0.0,1.0,380.95,395.12,380.95,393.72,833500.0
2012-04-25,380.12,384.39,380.02,382.83,287800.0,0.0,1.0,380.12,384.39,380.02,382.83,287800.0
2012-04-24,386.23,386.25,376.72,379.36,508000.0,0.0,1.0,386.23,386.25,376.72,379.36,508000.0
2012-04-23,379.95,382.64,378.0,382.0,322600.0,0.0,1.0,379.95,382.64,378.0,382.0,322600.0
2012-04-20,382.64,382.66,380.09,381.73,481400.0,0.0,1.0,382.64,382.66,380.09,381.73,481400.0
2012-04-19,379.42,382.41,378.67,380.0,535500.0,0.0,1.0,379.42,382.41,378.67,380.0,535500.0
2012-04-18,379.21,381.6,377.59,379.5,312300.0,0.0,1.0,379.21,381.6,377.59,379.5,312300.0
2012-04-17,382.53,383.24,378.01,379.17,342300.0,0.0,1.0,382.53,383.24,378.01,379.17,342300.0
2012-04-16,380.16,383.61,378.42,380.8,298100.0,0.0,1.0,380.16,383.61,378.42,380.8,298100.0
2012-04-13,378.74,382.96,375.01,380.97,382100.0,0.0,1.0,378.74,382.96,375.01,380.97,382100.0
2012-04-12,375.91,379.34,373.84,378.73,273600.0,0.0,1.0,375.91,379.34,373.84,378.73,273600.0
2012-04-11,379.75,380.35,376.48,377.05,440000.0,0.0,1.0,379.75,380.35,376.48,377.05,440000.0
2012-04-10,382.95,383.42,375.61,375.87,585300.0,0.0,1.0,382.95,383.42,375.61,375.87,585300.0
2012-04-09,379.5,384.3,378.66,383.5,515400.0,0.0,1.0,379.5,384.3,378.66,383.5,515400.0
2012-04-05,384.75,385.09,380.11,383.8,715200.0,0.0,1.0,384.75,385.09,380.11,383.8,715200.0
2012-04-04,381.81,384.68,376.88,382.4,419500.0,0.0,1.0,381.81,384.68,376.88,382.4,419500.0
2012-04-03,384.42,385.58,381.8,381.89,914600.0,0.0,1.0,384.42,385.58,381.8,381.89,914600.0
2012-04-02,377.23,379.17,371.65,378.72,506900.0,0.0,1.0,377.23,379.17,371.65,378.72,506900.0
2012-03-30,376.1,376.1,371.8,371.8,308400.0,0.0,1.0,376.1,376.1,371.8,371.8,308400.0
2012-03-29,375.21,376.84,373.55,374.34,239600.0,0.0,1.0,375.21,376.84,373.55,374.34,239600.0
2012-03-28,379.41,380.35,375.47,376.36,350900.0,0.0,1.0,379.41,380.35,375.47,376.36,350900.0
2012-03-27,378.67,381.18,378.67,379.58,428500.0,0.0,1.0,378.67,381.18,378.67,379.58,428500.0
2012-03-26,377.64,380.33,376.74,379.0,282800.0,0.0,1.0,377.64,380.33,376.74,379.0,282800.0
2012-03-23,377.77,379.32,375.74,378.66,191400.0,0.0,1.0,377.77,379.32,375.74,378.66,191400.0
2012-03-22,375.49,379.4,375.02,378.13,273700.0,0.0,1.0,375.49,379.4,375.02,378.13,273700.0
2012-03-21,377.82,378.94,375.42,375.42,327700.0,0.0,1.0,377.82,378.94,375.42,375.42,327700.0
2012-03-20,376.55,378.66,376.11,377.8,254800.0,0.0,1.0,376.55,378.66,376.11,377.8,254800.0
2012-03-19,378.84,380.51,376.0,377.36,300200.0,0.0,1.0,378.84,380.51,376.0,377.36,300200.0
2012-03-16,376.29,379.67,376.29,378.87,512900.0,0.0,1.0,376.29,379.67,376.29,378.87,512900.0
2012-03-15,378.94,380.52,377.16,379.0,279300.0,0.0,1.0,378.94,380.52,377.16,379.0,279300.0
2012-03-14,380.23,382.17,379.6,379.92,386700.0,0.0,1.0,380.23,382.17,379.6,379.92,386700.0
2012-03-13,381.72,382.08,377.62,379.63,542000.0,0.0,1.0,381.72,382.08,377.62,379.63,542000.0
2012-03-12,382.0,382.06,380.3,380.83,312600.0,0.0,1.0,382.0,382.06,380.3,380.83,312600.0
2012-03-09,381.83,383.89,381.27,382.23,416500.0,0.0,1.0,381.83,383.89,381.27,382.23,416500.0
2012-03-08,384.88,386.0,380.41,380.5,426700.0,0.0,1.0,384.88,386.0,380.41,380.5,426700.0
2012-03-07,385.83,385.99,380.46,383.74,357600.0,0.0,1.0,385.83,385.99,380.46,383.74,357600.0
2012-03-06,384.24,385.23,380.3,385.23,405400.0,0.0,1.0,384.24,385.23,380.3,385.23,405400.0
2012-03-05,379.1,385.61,377.01,385.22,531400.0,0.0,1.0,379.1,385.61,377.01,385.22,531400.0
2012-03-02,378.0,379.48,377.42,378.45,232500.0,0.0,1.0,378.0,379.48,377.42,378.45,232500.0
2012-03-01,375.12,378.96,373.75,378.44,485600.0,0.0,1.0,375.12,378.96,373.75,378.44,485600.0
2012-02-29,374.97,375.58,372.22,374.48,363400.0,0.0,1.0,374.97,375.58,372.22,374.48,363400.0
2012-02-28,374.52,377.78,371.28,376.41,931800.0,0.0,1.0,374.52,377.78,371.28,376.41,931800.0
2012-02-27,360.5,367.59,359.8,366.09,557700.0,0.0,1.0,360.5,367.59,359.8,366.09,557700.0
2012-02-24,360.0,360.0,358.8,359.8,326600.0,0.0,1.0,360.0,360.0,358.8,359.8,326600.0
2012-02-23,359.23,360.39,358.0,358.5,219800.0,0.0,1.0,359.23,360.39,358.0,358.5,219800.0
2012-02-22,359.99,360.4,358.34,358.95,126900.0,0.0,1.0,359.99,360.4,358.34,358.95,126900.0
2012-02-21,360.2,361.32,358.23,359.66,266700.0,0.0,1.0,360.2,361.32,358.23,359.66,266700.0
2012-02-17,359.89,361.98,356.53,360.21,242500.0,0.0,1.0,359.89,361.98,356.53,360.21,242500.0
2012-02-16,357.01,359.12,353.8,357.96,451600.0,0.0,1.0,357.01,359.12,353.8,357.96,451600.0
2012-02-15,361.4,361.4,355.02,356.12,244600.0,0.0,1.0,361.4,361.4,355.02,356.12,244600.0
2012-02-14,356.22,360.11,356.22,360.11,225100.0,0.0,1.0,356.22,360.11,356.22,360.11,225100.0
2012-02-13,354.5,360.41,354.1,358.46,425200.0,0.0,1.0,354.5,360.41,354.1,358.46,425200.0
2012-02-10,353.2,354.17,352.06,354.1,355700.0,0.0,1.0,353.2,354.17,352.06,354.1,355700.0
2012-02-09,347.27,354.25,347.27,354.04,305600.0,0.0,1.0,347.27,354.25,347.27,354.04,305600.0
2012-02-08,350.62,351.93,347.2,349.15,220500.0,0.0,1.0,350.62,351.93,347.2,349.15,220500.0
2012-02-07,350.59,351.75,347.96,350.48,176500.0,0.0,1.0,350.59,351.75,347.96,350.48,176500.0
2012-02-06,352.01,352.01,350.07,350.76,162000.0,0.0,1.0,352.01,352.01,350.07,350.76,162000.0
2012-02-03,348.18,356.8,348.18,353.18,160500.0,0.0,1.0,348.18,356.8,348.18,353.18,160500.0
2012-02-02,352.6,353.25,349.14,349.17,160000.0,0.0,1.0,352.6,353.25,349.14,349.17,160000.0
2012-02-01,348.81,353.48,348.2,352.99,258200.0,0.0,1.0,348.81,353.48,348.2,352.99,258200.0
2012-01-31,349.6,351.22,346.44,347.88,234800.0,0.0,1.0,349.6,351.22,346.44,347.88,234800.0
2012-01-30,346.54,349.6,346.2,347.67,217600.0,0.0,1.0,346.54,349.6,346.2,347.67,217600.0
2012-01-27,347.7,349.0,345.03,347.58,301900.0,0.0,1.0,347.7,349.0,345.03,347.58,301900.0
2012-01-26,348.62,348.9,347.24,347.91,323100.0,0.0,1.0,348.62,348.9,347.24,347.91,323100.0
2012-01-25,346.5,348.59,345.0,348.58,262800.0,0.0,1.0,346.5,348.59,345.0,348.58,262800.0
2012-01-24,346.54,347.6,345.19,346.75,236600.0,0.0,1.0,346.54,347.6,345.19,346.75,236600.0
2012-01-23,347.47,347.8,345.43,347.01,366400.0,0.0,1.0,347.47,347.8,345.43,347.01,366400.0
2012-01-20,344.96,350.55,344.6,347.0,800900.0,0.0,1.0,344.96,350.55,344.6,347.0,800900.0
2012-01-19,347.48,347.48,344.63,346.5,671600.0,0.0,1.0,347.48,347.48,344.63,346.5,671600.0
2012-01-18,343.97,346.97,342.58,346.28,523400.0,0.0,1.0,343.97,346.97,342.58,346.28,523400.0
2012-01-17,345.0,346.0,344.0,345.0,506000.0,0.0,1.0,345.0,346.0,344.0,345.0,506000.0
2012-01-13,342.34,344.44,340.13,344.44,276200.0,0.0,1.0,342.34,344.44,340.13,344.44,276200.0
2012-01-12,341.59,343.49,339.39,342.98,337400.0,0.0,1.0,341.59,343.49,339.39,342.98,337400.0
2012-01-11,340.72,342.59,339.03,341.87,496500.0,0.0,1.0,340.72,342.59,339.03,341.87,496500.0
2012-01-10,340.8,341.27,337.75,340.14,528400.0,0.0,1.0,340.8,341.27,337.75,340.14,528400.0
2012-01-09,337.98,340.51,336.45,339.5,470200.0,0.0,1.0,337.98,340.51,336.45,339.5,470200.0
2012-01-06,333.85,339.23,331.93,338.04,571800.0,0.0,1.0,333.85,339.23,331.93,338.04,571800.0
2012-01-05,323.98,334.1,321.19,333.85,666500.0,0.0,1.0,323.98,334.1,321.19,333.85,666500.0
2012-01-04,318.23,327.91,313.11,326.96,916200.0,0.0,1.0,318.23,327.91,313.11,326.96,916200.0
2012-01-03,327.72,328.49,318.12,319.79,539700.0,0.0,1.0,327.72,328.49,318.12,319.79,539700.0
2011-12-30,324.88,329.4,324.24,324.97,225900.0,0.0,1.0,324.88,329.4,324.24,324.97,225900.0
2011-12-29,328.59,329.31,325.4,326.25,161000.0,0.0,1.0,328.59,329.31,325.4,326.25,161000.0
2011-12-28,329.69,332.0,327.39,328.22,191300.0,0.0,1.0,329.69,332.0,327.39,328.22,191300.0
2011-12-27,330.6,331.48,329.42,330.25,374600.0,0.0,1.0,330.6,331.48,329.42,330.25,374600.0
2011-12-23,330.07,331.17,327.99,330.3,211700.0,0.0,1.0,330.07,331.17,327.99,330.3,211700.0
2011-12-22,330.75,331.05,327.85,329.0,272900.0,0.0,1.0,330.75,331.05,327.85,329.0,272900.0
2011-12-21,324.94,331.69,324.94,330.0,369500.0,0.0,1.0,324.94,331.69,324.94,330.0,369500.0
2011-12-20,325.16,327.09,324.22,325.29,673400.0,0.0,1.0,325.16,327.09,324.22,325.29,673400.0
2011-12-19,325.68,327.01,323.92,324.96,253800.0,0.0,1.0,325.68,327.01,323.92,324.96,253800.0
2011-12-16,328.96,330.46,325.94,326.0,392000.0,0.0,1.0,328.96,330.46,325.94,326.0,392000.0
2011-12-15,325.32,330.04,323.7,327.32,293900.0,0.0,1.0,325.32,330.04,323.7,327.32,293900.0
2011-12-14,325.61,326.0,322.42,324.32,208900.0,0.0,1.0,325.61,326.0,322.42,324.32,208900.0
2011-12-13,332.46,334.63,324.33,326.1,243200.0,0.0,1.0,332.46,334.63,324.33,326.1,243200.0
2011-12-12,324.98,332.39,324.97,330.89,344600.0,0.0,1.0,324.98,332.39,324.97,330.89,344600.0
2011-12-09,329.7,332.3,329.22,329.82,608200.0,0.0,1.0,329.7,332.3,329.22,329.82,608200.0
2011-12-08,333.58,334.2,329.1,329.67,263400.0,0.0,1.0,333.58,334.2,329.1,329.67,263400.0
2011-12-07,337.75,338.27,333.37,333.86,391600.0,0.0,1.0,337.75,338.27,333.37,333.86,391600.0
2011-12-06,341.06,343.9,332.87,337.81,498500.0,0.0,1.0,341.06,343.9,332.87,337.81,498500.0
2011-12-05,334.54,339.44,332.01,338.97,296400.0,0.0,1.0,334.54,339.44,332.01,338.97,296400.0
2011-12-02,337.0,339.0,330.22,330.22,207700.0,0.0,1.0,337.0,339.0,330.22,330.22,207700.0
2011-12-01,329.01,336.33,329.01,335.3,249000.0,0.0,1.0,329.01,336.33,329.01,335.3,249000.0
2011-11-30,325.74,330.7,325.74,328.38,281900.0,0.0,1.0,325.74,330.7,325.74,328.38,281900.0
2011-11-29,319.14,324.46,318.75,323.43,175600.0,0.0,1.0,319.14,324.46,318.75,323.43,175600.0
2011-11-28,326.23,329.28,318.33,319.51,272000.0,0.0,1.0,326.23,329.28,318.33,319.51,272000.0
2011-11-25,316.59,322.96,315.26,322.96,151600.0,0.0,1.0,316.59,322.96,315.26,322.96,151600.0
2011-11-23,319.32,320.72,316.6,318.06,183900.0,0.0,1.0,319.32,320.72,316.6,318.06,183900.0
2011-11-22,324.41,325.05,320.29,320.82,264600.0,0.0,1.0,324.41,325.05,320.29,320.82,264600.0
2011-11-21,327.48,328.72,323.47,325.33,209400.0,0.0,1.0,327.48,328.72,323.47,325.33,209400.0
2011-11-18,329.65,331.14,327.64,329.4,137800.0,0.0,1.0,329.65,331.14,327.64,329.4,137800.0
2011-11-17,331.59,332.63,327.21,328.32,154900.0,0.0,1.0,331.59,332.63,327.21,328.32,154900.0
2011-11-16,336.04,337.4,331.24,332.04,134800.0,0.0,1.0,336.04,337.4,331.24,332.04,134800.0
2011-11-15,336.48,338.26,334.79,337.15,165700.0,0.0,1.0,336.48,338.26,334.79,337.15,165700.0
2011-11-14,337.85,341.89,335.63,336.23,202400.0,0.0,1.0,337.85,341.89,335.63,336.23,202400.0
2011-11-11,332.1,337.96,330.48,337.66,230200.0,0.0,1.0,332.1,337.96,330.48,337.66,230200.0
2011-11-10,327.61,331.21,327.0,330.71,233500.0,0.0,1.0,327.61,331.21,327.0,330.71,233500.0
2011-11-09,330.0,332.88,325.01,325.64,277400.0,0.0,1.0,330.0,332.88,325.01,325.64,277400.0
2011-11-08,326.37,334.0,326.37,333.79,300900.0,0.0,1.0,326.37,334.0,326.37,333.79,300900.0
2011-11-07,323.97,327.6,323.84,327.11,139800.0,0.0,1.0,323.97,327.6,323.84,327.11,139800.0
2011-11-04,324.67,326.24,322.31,325.0,300600.0,0.0,1.0,324.67,326.24,322.31,325.0,300600.0
2011-11-03,325.61,326.32,321.58,324.66,355600.0,0.0,1.0,325.61,326.32,321.58,324.66,355600.0
2011-11-02,327.51,327.62,323.77,324.44,389100.0,0.0,1.0,327.51,327.62,323.77,324.44,389100.0
2011-11-01,318.58,329.35,317.31,325.67,491200.0,0.0,1.0,318.58,329.35,317.31,325.67,491200.0
2011-10-31,326.01,328.51,323.59,323.59,399800.0,0.0,1.0,326.01,328.51,323.59,323.59,399800.0
2011-10-28,330.61,331.64,326.03,327.82,245800.0,0.0,1.0,330.61,331.64,326.03,327.82,245800.0
2011-10-27,333.09,333.75,329.51,330.73,456200.0,0.0,1.0,333.09,333.75,329.51,330.73,456200.0
2011-10-26,333.78,333.78,325.84,327.79,304200.0,0.0,1.0,333.78,333.78,325.84,327.79,304200.0
2011-10-25,330.09,332.92,327.4,327.93,333600.0,0.0,1.0,330.09,332.92,327.4,327.93,333600.0
2011-10-24,328.0,330.89,327.39,330.19,452900.0,0.0,1.0,328.0,330.89,327.39,330.19,452900.0
2011-10-21,331.32,331.64,327.11,327.5,384600.0,0.0,1.0,331.32,331.64,327.11,327.5,384600.0
2011-10-20,327.03,328.61,325.18,326.95,346600.0,0.0,1.0,327.03,328.61,325.18,326.95,346600.0
2011-10-19,326.03,327.41,323.73,324.99,509500.0,0.0,1.0,326.03,327.41,323.73,324.99,509500.0
2011-10-18,326.3,327.31,324.53,326.03,489900.0,0.0,1.0,326.3,327.31,324.53,326.03,489900.0
2011-10-17,325.75,331.43,325.74,327.0,334400.0,0.0,1.0,325.75,331.43,325.74,327.0,334400.0
2011-10-14,329.0,330.0,326.77,328.12,336400.0,0.0,1.0,329.0,330.0,326.77,328.12,336400.0
2011-10-13,327.14,328.76,325.0,326.56,359900.0,0.0,1.0,327.14,328.76,325.0,326.56,359900.0
2011-10-12,328.09,329.95,323.74,327.66,427500.0,0.0,1.0,328.09,329.95,323.74,327.66,427500.0
2011-10-11,331.18,332.68,325.98,327.61,296900.0,0.0,1.0,331.18,332.68,325.98,327.61,296900.0
2011-10-10,326.87,331.83,325.41,331.7,330300.0,0.0,1.0,326.87,331.83,325.41,331.7,330300.0
2011-10-07,323.33,328.68,320.42,324.02,339900.0,0.0,1.0,323.33,328.68,320.42,324.02,339900.0
2011-10-06,317.06,323.19,316.11,322.37,362100.0,0.0,1.0,317.06,323.19,316.11,322.37,362100.0
2011-10-05,320.0,320.37,311.95,317.42,382500.0,0.0,1.0,320.0,320.37,311.95,317.42,382500.0
2011-10-04,308.21,320.0,307.16,320.0,406100.0,0.0,1.0,308.21,320.0,307.16,320.0,406100.0
2011-10-03,318.42,322.02,311.87,311.88,428700.0,0.0,1.0,318.42,322.02,311.87,311.88,428700.0
2011-09-30,314.57,325.53,313.71,319.19,535700.0,0.0,1.0,314.57,325.53,313.71,319.19,535700.0
2011-09-29,337.23,337.23,313.18,317.58,529500.0,0.0,1.0,337.23,337.23,313.18,317.58,529500.0
2011-09-28,325.99,326.31,321.28,321.94,335700.0,0.0,1.0,325.99,326.31,321.28,321.94,335700.0
2011-09-27,330.1,330.1,324.37,326.0,650200.0,0.0,1.0,330.1,330.1,324.37,326.0,650200.0
2011-09-26,323.18,327.17,321.47,327.12,356000.0,0.0,1.0,323.18,327.17,321.47,327.12,356000.0
2011-09-23,316.55,322.62,316.0,321.7,399800.0,0.0,1.0,316.55,322.62,316.0,321.7,399800.0
2011-09-22,317.87,320.37,311.72,316.13,713200.0,0.0,1.0,317.87,320.37,311.72,316.13,713200.0
2011-09-21,327.29,329.0,322.59,322.79,449200.0,0.0,1.0,327.29,329.0,322.59,322.79,449200.0
2011-09-20,329.68,332.95,325.91,327.75,858200.0,0.0,1.0,329.68,332.95,325.91,327.75,858200.0
2011-09-19,329.31,333.99,329.0,331.95,730700.0,0.0,1.0,329.31,333.99,329.0,331.95,730700.0
2011-09-16,327.7,332.93,326.69,331.25,1197800.0,0.0,1.0,327.7,332.93,326.69,331.25,1197800.0
2011-09-15,325.78,327.0,324.0,325.77,337700.0,0.0,1.0,325.78,327.0,324.0,325.77,337700.0
2011-09-14,320.5,326.47,317.66,324.38,449800.0,0.0,1.0,320.5,326.47,317.66,324.38,449800.0
2011-09-13,316.49,320.49,312.38,319.48,475400.0,0.0,1.0,316.49,320.49,312.38,319.48,475400.0
2011-09-12,312.97,316.44,311.14,316.18,414500.0,0.0,1.0,312.97,316.44,311.14,316.18,414500.0
2011-09-09,315.15,318.79,312.12,314.49,333400.0,0.0,1.0,315.15,318.79,312.12,314.49,333400.0
2011-09-08,315.96,318.3,315.0,316.1,357000.0,0.0,1.0,315.96,318.3,315.0,316.1,357000.0
2011-09-07,314.5,317.86,314.25,316.67,343000.0,0.0,1.0,314.5,317.86,314.25,316.67,343000.0
2011-09-06,306.0,314.0,304.95,313.83,485600.0,0.0,1.0,306.0,314.0,304.95,313.83,485600.0
2011-09-02,308.45,312.17,307.87,310.85,373800.0,0.0,1.0,308.45,312.17,307.87,310.85,373800.0
2011-09-01,304.31,312.75,304.31,312.05,427100.0,0.0,1.0,304.31,312.75,304.31,312.05,427100.0
2011-08-31,310.24,310.87,304.84,307.0,321600.0,0.0,1.0,310.24,310.87,304.84,307.0,321600.0
2011-08-30,307.63,310.0,305.23,308.53,431800.0,0.0,1.0,307.63,310.0,305.23,308.53,431800.0
2011-08-29,304.53,307.69,303.0,307.14,294100.0,0.0,1.0,304.53,307.69,303.0,307.14,294100.0
2011-08-26,297.96,302.76,295.31,301.3,245700.0,0.0,1.0,297.96,302.76,295.31,301.3,245700.0
2011-08-25,302.95,306.0,297.43,298.43,300300.0,0.0,1.0,302.95,306.0,297.43,298.43,300300.0
2011-08-24,297.54,304.34,297.5,304.1,533600.0,0.0,1.0,297.54,304.34,297.5,304.1,533600.0
2011-08-23,296.99,300.0,294.18,299.31,399000.0,0.0,1.0,296.99,300.0,294.18,299.31,399000.0
2011-08-22,297.69,297.69,290.59,295.7,550900.0,0.0,1.0,297.69,297.69,290.59,295.7,550900.0
2011-08-19,285.95,294.0,285.95,291.42,572500.0,0.0,1.0,285.95,294.0,285.95,291.42,572500.0
2011-08-18,284.34,289.19,279.93,289.16,621200.0,0.0,1.0,284.34,289.19,279.93,289.16,621200.0
2011-08-17,289.66,290.48,284.98,288.48,205100.0,0.0,1.0,289.66,290.48,284.98,288.48,205100.0
2011-08-16,285.55,289.66,284.11,288.27,252700.0,0.0,1.0,285.55,289.66,284.11,288.27,252700.0
2011-08-15,289.21,289.21,282.75,287.4,294000.0,0.0,1.0,289.21,289.21,282.75,287.4,294000.0
2011-08-12,286.35,288.94,283.05,287.61,625400.0,0.0,1.0,286.35,288.94,283.05,287.61,625400.0
2011-08-11,278.0,284.04,278.0,281.89,737400.0,0.0,1.0,278.0,284.04,278.0,281.89,737400.0
2011-08-10,277.86,281.9,274.4,274.82,716900.0,0.0,1.0,277.86,281.9,274.4,274.82,716900.0
2011-08-09,269.54,280.44,269.17,280.1,686600.0,0.0,1.0,269.54,280.44,269.17,280.1,686600.0
2011-08-08,275.1,278.62,266.25,268.51,663100.0,0.0,1.0,275.1,278.62,266.25,268.51,663100.0
2011-08-05,275.26,280.67,270.24,278.74,663200.0,0.0,1.0,275.26,280.67,270.24,278.74,663200.0
2011-08-04,279.59,281.46,273.09,273.29,390700.0,0.0,1.0,279.59,281.46,273.09,273.29,390700.0
2011-08-03,276.29,281.86,274.4,281.5,368500.0,0.0,1.0,276.29,281.86,274.4,281.5,368500.0
2011-08-02,280.85,284.33,276.15,276.71,337600.0,0.0,1.0,280.85,284.33,276.15,276.71,337600.0
2011-08-01,287.0,287.36,280.12,282.25,349100.0,0.0,1.0,287.0,287.36,280.12,282.25,349100.0
2011-07-29,284.46,288.09,282.5,285.45,287500.0,0.0,1.0,284.46,288.09,282.5,285.45,287500.0
2011-07-28,287.96,288.55,284.5,285.84,255900.0,0.0,1.0,287.96,288.55,284.5,285.84,255900.0
2011-07-27,293.25,293.33,287.0,289.15,399300.0,0.0,1.0,293.25,293.33,287.0,289.15,399300.0
2011-07-26,294.82,296.3,293.6,295.16,150700.0,0.0,1.0,294.82,296.3,293.6,295.16,150700.0
2011-07-25,294.27,296.37,293.22,294.94,228400.0,0.0,1.0,294.27,296.37,293.22,294.94,228400.0
2011-07-22,296.44,296.61,295.12,295.85,172500.0,0.0,1.0,296.44,296.61,295.12,295.85,172500.0
2011-07-21,296.36,297.22,294.77,295.52,293600.0,0.0,1.0,296.36,297.22,294.77,295.52,293600.0
2011-07-20,298.33,298.62,294.78,295.59,180800.0,0.0,1.0,298.33,298.62,294.78,295.59,180800.0
2011-07-19,296.71,299.21,296.16,298.33,268300.0,0.0,1.0,296.71,299.21,296.16,298.33,268300.0
2011-07-18,297.08,297.08,294.47,295.36,177100.0,0.0,1.0,297.08,297.08,294.47,295.36,177100.0
2011-07-15,298.66,298.66,294.08,297.28,292100.0,0.0,1.0,298.66,298.66,294.08,297.28,292100.0
2011-07-14,298.37,302.0,295.26,297.88,416500.0,0.0,1.0,298.37,302.0,295.26,297.88,416500.0
2011-07-13,298.48,300.4,296.02,296.94,312900.0,0.0,1.0,298.48,300.4,296.02,296.94,312900.0
2011-07-12,293.21,299.6,293.1,297.59,392400.0,0.0,1.0,293.21,299.6,293.1,297.59,392400.0
2011-07-11,295.94,297.64,293.84,295.5,277500.0,0.0,1.0,295.94,297.64,293.84,295.5,277500.0
2011-07-08,295.81,298.56,295.15,298.28,305700.0,0.0,1.0,295.81,298.56,295.15,298.28,305700.0
2011-07-07,299.0,299.45,298.0,298.38,330800.0,0.0,1.0,299.0,299.45,298.0,298.38,330800.0
2011-07-06,295.29,298.8,294.76,297.75,333300.0,0.0,1.0,295.29,298.8,294.76,297.75,333300.0
2011-07-05,296.14,298.53,294.51,297.14,289700.0,0.0,1.0,296.14,298.53,294.51,297.14,289700.0
2011-07-01,295.38,298.19,294.86,297.62,255800.0,0.0,1.0,295.38,298.19,294.86,297.62,255800.0
2011-06-30,292.55,296.2,291.87,294.85,381100.0,0.0,1.0,292.55,296.2,291.87,294.85,381100.0
2011-06-29,293.42,293.54,290.62,291.32,342700.0,0.0,1.0,293.42,293.54,290.62,291.32,342700.0
2011-06-28,293.5,293.52,292.58,292.9,437000.0,0.0,1.0,293.5,293.52,292.58,292.9,437000.0
2011-06-27,290.99,293.97,290.0,292.84,267300.0,0.0,1.0,290.99,293.97,290.0,292.84,267300.0
2011-06-24,292.55,293.7,290.33,291.6,336900.0,0.0,1.0,292.55,293.7,290.33,291.6,336900.0
2011-06-23,290.72,294.27,290.72,292.61,476500.0,0.0,1.0,290.72,294.27,290.72,292.61,476500.0
2011-06-22,292.17,294.08,292.17,292.87,387300.0,0.0,1.0,292.17,294.08,292.17,292.87,387300.0
2011-06-21,292.4,292.91,291.43,292.43,444600.0,0.0,1.0,292.4,292.91,291.43,292.43,444600.0
2011-06-20,291.31,293.15,290.03,292.24,496000.0,0.0,1.0,291.31,293.15,290.03,292.24,496000.0
2011-06-17,291.0,293.05,290.36,291.71,804500.0,0.0,1.0,291.0,293.05,290.36,291.71,804500.0
2011-06-16,288.82,290.15,285.21,289.78,447100.0,0.0,1.0,288.82,290.15,285.21,289.78,447100.0
2011-06-15,289.07,290.52,288.45,289.55,366600.0,0.0,1.0,289.07,290.52,288.45,289.55,366600.0
2011-06-14,290.23,290.59,289.16,289.87,345300.0,0.0,1.0,290.23,290.59,289.16,289.87,345300.0
2011-06-13,291.3,291.3,288.24,288.88,313500.0,0.0,1.0,291.3,291.3,288.24,288.88,313500.0
2011-06-10,290.7,292.23,288.71,290.2,395700.0,0.0,1.0,290.7,292.23,288.71,290.2,395700.0
2011-06-09,288.37,292.54,286.98,291.94,305100.0,0.0,1.0,288.37,292.54,286.98,291.94,305100.0
2011-06-08,284.81,289.49,283.25,288.53,485300.0,0.0,1.0,284.81,289.49,283.25,288.53,485300.0
2011-06-07,285.0,289.39,284.12,284.5,338700.0,0.0,1.0,285.0,289.39,284.12,284.5,338700.0
2011-06-06,286.63,287.22,283.94,285.64,316800.0,0.0,1.0,286.63,287.22,283.94,285.64,316800.0
2011-06-03,287.3,290.5,284.83,285.48,325900.0,0.0,1.0,287.3,290.5,284.83,285.48,325900.0
2011-06-02,294.12,294.12,289.0,289.65,287000.0,0.0,1.0,294.12,294.12,289.0,289.65,287000.0
2011-06-01,294.0,295.18,293.03,293.11,378800.0,0.0,1.0,294.0,295.18,293.03,293.11,378800.0
2011-05-31,298.86,299.6,293.12,294.0,486200.0,0.0,1.0,298.86,299.6,293.12,294.0,486200.0
2011-05-27,295.27,297.81,294.84,296.71,293900.0,0.0,1.0,295.27,297.81,294.84,296.71,293900.0
2011-05-26,297.98,298.47,296.0,296.61,540000.0,0.0,1.0,297.98,298.47,296.0,296.61,540000.0
2011-05-25,294.44,298.0,293.0,297.98,607200.0,0.0,1.0,294.44,298.0,293.0,297.98,607200.0
2011-05-24,288.07,295.17,286.8,293.3,1154000.0,0.0,1.0,288.07,295.17,286.8,293.3,1154000.0
2011-05-23,276.29,277.61,273.18,276.78,473300.0,0.0,1.0,276.29,277.61,273.18,276.78,473300.0
2011-05-20,276.69,278.21,274.56,276.6,462100.0,0.0,1.0,276.69,278.21,274.56,276.6,462100.0
2011-05-19,277.01,279.0,274.33,277.15,770000.0,0.0,1.0,277.01,279.0,274.33,277.15,770000.0
2011-05-18,281.97,283.67,280.42,282.5,259600.0,0.0,1.0,281.97,283.67,280.42,282.5,259600.0
2011-05-17,282.88,283.09,279.26,281.48,239000.0,0.0,1.0,282.88,283.09,279.26,281.48,239000.0
2011-05-16,286.24,287.52,283.35,283.65,238100.0,0.0,1.0,286.24,287.52,283.35,283.65,238100.0
2011-05-13,287.89,288.5,284.26,286.3,239400.0,0.0,1.0,287.89,288.5,284.26,286.3,239400.0
2011-05-12,286.18,288.5,284.02,287.89,360000.0,0.0,1.0,286.18,288.5,284.02,287.89,360000.0
2011-05-11,288.42,288.42,279.35,286.38,454000.0,0.0,1.0,288.42,288.42,279.35,286.38,454000.0
2011-05-10,285.04,287.0,285.04,286.41,248400.0,0.0,1.0,285.04,287.0,285.04,286.41,248400.0
2011-05-09,281.17,285.83,281.17,284.64,253000.0,0.0,1.0,281.17,285.83,281.17,284.64,253000.0
2011-05-06,286.82,286.99,281.13,281.56,269000.0,0.0,1.0,286.82,286.99,281.13,281.56,269000.0
2011-05-05,282.0,287.0,281.04,285.28,294100.0,0.0,1.0,282.0,287.0,281.04,285.28,294100.0
2011-05-04,283.7,284.49,282.18,283.35,280000.0,0.0,1.0,283.7,284.49,282.18,283.35,280000.0
2011-05-03,284.8,285.0,282.39,283.44,414000.0,0.0,1.0,284.8,285.0,282.39,283.44,414000.0
2011-05-02,283.2,284.57,280.5,281.18,206000.0,0.0,1.0,283.2,284.57,280.5,281.18,206000.0
2011-04-29,282.27,283.26,281.09,282.38,251000.0,0.0,1.0,282.27,283.26,281.09,282.38,251000.0
2011-04-28,280.02,284.42,279.68,282.48,298600.0,0.0,1.0,280.02,284.42,279.68,282.48,298600.0
2011-04-27,283.73,283.92,281.0,281.5,619900.0,0.0,1.0,283.73,283.92,281.0,281.5,619900.0
2011-04-26,283.06,283.83,281.72,282.07,306300.0,0.0,1.0,283.06,283.83,281.72,282.07,306300.0
2011-04-25,284.71,284.94,281.16,282.5,145500.0,0.0,1.0,284.71,284.94,281.16,282.5,145500.0
2011-04-21,284.0,284.97,282.69,284.85,310300.0,0.0,1.0,284.0,284.97,282.69,284.85,310300.0
2011-04-20,280.58,284.6,280.45,283.96,376900.0,0.0,1.0,280.58,284.6,280.45,283.96,376900.0
2011-04-19,279.08,279.09,276.07,278.28,250500.0,0.0,1.0,279.08,279.09,276.07,278.28,250500.0
2011-04-18,280.28,280.28,274.77,279.32,244200.0,0.0,1.0,280.28,280.28,274.77,279.32,244200.0
2011-04-15,279.76,281.96,278.72,280.08,370300.0,0.0,1.0,279.76,281.96,278.72,280.08,370300.0
2011-04-14,278.75,280.74,277.27,278.85,455400.0,0.0,1.0,278.75,280.74,277.27,278.85,455400.0
2011-04-13,276.22,279.99,276.22,279.76,419700.0,0.0,1.0,276.22,279.99,276.22,279.76,419700.0
2011-04-12,272.15,279.0,270.0,277.77,661500.0,0.0,1.0,272.15,279.0,270.0,277.77,661500.0
2011-04-11,272.61,273.99,269.68,272.93,384600.0,0.0,1.0,272.61,273.99,269.68,272.93,384600.0
2011-04-08,277.6,277.6,274.51,276.26,238800.0,0.0,1.0,277.6,277.6,274.51,276.26,238800.0
2011-04-07,276.56,277.83,272.98,275.84,256600.0,0.0,1.0,276.56,277.83,272.98,275.84,256600.0
2011-04-06,276.85,279.35,276.51,276.59,219800.0,0.0,1.0,276.85,279.35,276.51,276.59,219800.0
2011-04-05,273.64,279.94,273.09,276.64,327300.0,0.0,1.0,273.64,279.94,273.09,276.64,327300.0
2011-04-04,275.0,275.76,272.54,274.28,213100.0,0.0,1.0,275.0,275.76,272.54,274.28,213100.0
2011-04-01,274.22,276.05,273.27,274.67,261400.0,0.0,1.0,274.22,276.05,273.27,274.67,261400.0
2011-03-31,273.19,273.87,270.8,273.56,359800.0,0.0,1.0,273.19,273.87,270.8,273.56,359800.0
2011-03-30,274.25,276.04,273.0,273.94,271900.0,0.0,1.0,274.25,276.04,273.0,273.94,271900.0
2011-03-29,271.12,273.47,268.8,273.44,314300.0,0.0,1.0,271.12,273.47,268.8,273.44,314300.0
2011-03-28,276.16,276.16,270.82,270.93,307900.0,0.0,1.0,276.16,276.16,270.82,270.93,307900.0
2011-03-25,272.75,277.5,270.71,275.49,435200.0,0.0,1.0,272.75,277.5,270.71,275.49,435200.0
2011-03-24,271.0,273.26,269.44,272.11,399200.0,0.0,1.0,271.0,273.26,269.44,272.11,399200.0
2011-03-23,264.85,271.0,262.8,270.06,458300.0,0.0,1.0,264.85,271.0,262.8,270.06,458300.0
2011-03-22,264.45,265.79,261.75,264.72,376400.0,0.0,1.0,264.45,265.79,261.75,264.72,376400.0
2011-03-21,264.33,266.18,262.38,264.09,423400.0,0.0,1.0,264.33,266.18,262.38,264.09,423400.0
2011-03-18,263.63,264.71,260.07,262.98,500000.0,0.0,1.0,263.63,264.71,260.07,262.98,500000.0
2011-03-17,264.17,264.92,261.57,261.95,225100.0,0.0,1.0,264.17,264.92,261.57,261.95,225100.0
2011-03-16,261.24,265.71,260.62,261.31,395800.0,0.0,1.0,261.24,265.71,260.62,261.31,395800.0
2011-03-15,259.5,264.47,256.86,263.14,345300.0,0.0,1.0,259.5,264.47,256.86,263.14,345300.0
2011-03-14,263.89,265.31,261.89,264.81,236400.0,0.0,1.0,263.89,265.31,261.89,264.81,236400.0
2011-03-11,266.6,267.37,263.12,265.93,270500.0,0.0,1.0,266.6,267.37,263.12,265.93,270500.0
2011-03-10,266.76,268.8,265.0,266.71,290900.0,0.0,1.0,266.76,268.8,265.0,266.71,290900.0
2011-03-09,268.02,269.63,266.85,268.21,272900.0,0.0,1.0,268.02,269.63,266.85,268.21,272900.0
2011-03-08,263.66,269.8,262.98,267.96,403800.0,0.0,1.0,263.66,269.8,262.98,267.96,403800.0
2011-03-07,265.75,267.46,262.95,263.25,357600.0,0.0,1.0,265.75,267.46,262.95,263.25,357600.0
2011-03-04,266.53,268.75,263.29,265.42,261800.0,0.0,1.0,266.53,268.75,263.29,265.42,261800.0
2011-03-03,264.46,266.95,263.01,266.53,483400.0,0.0,1.0,264.46,266.95,263.01,266.53,483400.0
2011-03-02,263.74,264.54,260.68,262.84,564700.0,0.0,1.0,263.74,264.54,260.68,262.84,564700.0
2011-03-01,265.54,267.98,260.21,263.52,1016900.0,0.0,1.0,265.54,267.98,260.21,263.52,1016900.0
2011-02-28,255.51,260.0,255.45,257.95,524800.0,0.0,1.0,255.51,260.0,255.45,257.95,524800.0
2011-02-25,254.91,255.75,252.54,255.39,277400.0,0.0,1.0,254.91,255.75,252.54,255.39,277400.0
2011-02-24,252.09,254.2,249.05,253.25,289300.0,0.0,1.0,252.09,254.2,249.05,253.25,289300.0
2011-02-23,252.53,254.58,247.36,250.64,398600.0,0.0,1.0,252.53,254.58,247.36,250.64,398600.0
2011-02-22,253.13,254.58,249.1,252.59,383600.0,0.0,1.0,253.13,254.58,249.1,252.59,383600.0
2011-02-18,256.48,259.04,253.71,255.64,338500.0,0.0,1.0,256.48,259.04,253.71,255.64,338500.0
2011-02-17,262.22,262.22,254.71,255.57,418400.0,0.0,1.0,262.22,262.22,254.71,255.57,418400.0
2011-02-16,262.0,265.54,261.58,262.78,213500.0,0.0,1.0,262.0,265.54,261.58,262.78,213500.0
2011-02-15,260.52,260.98,259.33,260.81,287100.0,0.0,1.0,260.52,260.98,259.33,260.81,287100.0
2011-02-14,261.16,261.76,259.7,260.82,227300.0,0.0,1.0,261.16,261.76,259.7,260.82,227300.0
2011-02-11,259.14,261.72,258.64,260.88,200800.0,0.0,1.0,259.14,261.72,258.64,260.88,200800.0
2011-02-10,260.83,261.5,256.15,259.64,361100.0,0.0,1.0,260.83,261.5,256.15,259.64,361100.0
2011-02-09,259.5,263.62,259.1,261.76,285000.0,0.0,1.0,259.5,263.62,259.1,261.76,285000.0
2011-02-08,258.03,259.99,257.78,259.83,218600.0,0.0,1.0,258.03,259.99,257.78,259.83,218600.0
2011-02-07,259.0,261.59,257.35,258.03,271400.0,0.0,1.0,259.0,261.59,257.35,258.03,271400.0
2011-02-04,254.71,260.18,254.33,258.7,328700.0,0.0,1.0,254.71,260.18,254.33,258.7,328700.0
2011-02-03,251.36,255.7,251.36,255.01,421200.0,0.0,1.0,251.36,255.7,251.36,255.01,421200.0
2011-02-02,254.79,254.95,251.06,251.76,270400.0,0.0,1.0,254.79,254.95,251.06,251.76,270400.0
2011-02-01,254.57,255.21,251.8,255.0,340100.0,0.0,1.0,254.57,255.21,251.8,255.0,340100.0
2011-01-31,251.39,255.38,251.07,253.53,360400.0,0.0,1.0,251.39,255.38,251.07,253.53,360400.0
2011-01-28,256.8,257.4,250.62,251.06,390100.0,0.0,1.0,256.8,257.4,250.62,251.06,390100.0
2011-01-27,250.41,257.99,250.24,256.1,579500.0,0.0,1.0,250.41,257.99,250.24,256.1,579500.0
2011-01-26,249.2,251.83,246.26,250.07,523000.0,0.0,1.0,249.2,251.83,246.26,250.07,523000.0
2011-01-25,249.5,251.59,247.35,248.7,487100.0,0.0,1.0,249.5,251.59,247.35,248.7,487100.0
2011-01-24,252.5,253.01,249.92,251.49,469100.0,0.0,1.0,252.5,253.01,249.92,251.49,469100.0
2011-01-21,253.97,254.96,251.77,252.13,770300.0,0.0,1.0,253.97,254.96,251.77,252.13,770300.0
2011-01-20,249.52,252.81,249.0,252.56,648100.0,0.0,1.0,249.52,252.81,249.0,252.56,648100.0
2011-01-19,250.85,252.0,249.07,249.99,666400.0,0.0,1.0,250.85,252.0,249.07,249.99,666400.0
2011-01-18,251.84,253.33,250.22,250.59,478800.0,0.0,1.0,251.84,253.33,250.22,250.59,478800.0
2011-01-14,251.26,253.22,249.77,252.62,426700.0,0.0,1.0,251.26,253.22,249.77,252.62,426700.0
2011-01-13,251.27,252.83,250.14,251.93,477500.0,0.0,1.0,251.27,252.83,250.14,251.93,477500.0
2011-01-12,252.05,252.76,249.62,251.16,633100.0,0.0,1.0,252.05,252.76,249.62,251.16,633100.0
2011-01-11,253.49,254.72,250.01,251.52,417100.0,0.0,1.0,253.49,254.72,250.01,251.52,417100.0
2011-01-10,249.78,254.18,249.75,252.74,618200.0,0.0,1.0,249.78,254.18,249.75,252.74,618200.0
2011-01-07,250.76,253.17,249.41,250.67,817700.0,0.0,1.0,250.76,253.17,249.41,250.67,817700.0
2011-01-06,254.04,254.94,246.62,249.55,1103100.0,0.0,1.0,254.04,254.94,246.62,249.55,1103100.0
2011-01-05,256.91,258.89,254.84,255.2,825000.0,0.0,1.0,256.91,258.89,254.84,255.2,825000.0
2011-01-04,269.15,269.15,257.07,258.36,1115900.0,0.0,1.0,269.15,269.15,257.07,258.36,1115900.0
2011-01-03,273.49,273.99,266.61,268.4,618100.0,0.0,1.0,273.49,273.99,266.61,268.4,618100.0
2010-12-31,274.96,275.04,272.25,272.59,159100.0,0.0,1.0,274.96,275.04,272.25,272.59,159100.0
2010-12-30,273.75,276.0,273.62,275.5,153400.0,0.0,1.0,273.75,276.0,273.62,275.5,153400.0
2010-12-29,272.49,274.5,272.01,273.64,245900.0,0.0,1.0,272.49,274.5,272.01,273.64,245900.0
2010-12-28,270.98,272.56,270.52,272.47,285000.0,0.0,1.0,270.98,272.56,270.52,272.47,285000.0
2010-12-27,271.55,271.62,270.0,270.92,106000.0,0.0,1.0,271.55,271.62,270.0,270.92,106000.0
2010-12-23,272.1,272.69,270.98,271.9,144200.0,0.0,1.0,272.1,272.69,270.98,271.9,144200.0
2010-12-22,273.0,273.0,271.09,272.06,194600.0,0.0,1.0,273.0,273.0,271.09,272.06,194600.0
2010-12-21,273.04,273.4,271.42,272.19,355600.0,0.0,1.0,273.04,273.4,271.42,272.19,355600.0
2010-12-20,271.68,272.87,269.2,272.77,365400.0,0.0,1.0,271.68,272.87,269.2,272.77,365400.0
2010-12-17,269.11,271.0,269.11,269.99,537400.0,0.0,1.0,269.11,271.0,269.11,269.99,537400.0
2010-12-16,264.01,269.72,262.94,269.11,452400.0,0.0,1.0,264.01,269.72,262.94,269.11,452400.0
2010-12-15,262.04,264.82,262.04,262.55,260600.0,0.0,1.0,262.04,264.82,262.04,262.55,260600.0
2010-12-14,264.89,264.89,261.78,262.66,283100.0,0.0,1.0,264.89,264.89,261.78,262.66,283100.0
2010-12-13,264.91,266.29,264.48,264.5,336200.0,0.0,1.0,264.91,266.29,264.48,264.5,336200.0
2010-12-10,263.57,264.95,262.42,264.74,239500.0,0.0,1.0,263.57,264.95,262.42,264.74,239500.0
2010-12-09,262.61,264.61,260.72,263.9,301000.0,0.0,1.0,262.61,264.61,260.72,263.9,301000.0
2010-12-08,260.49,263.26,259.4,262.57,521200.0,0.0,1.0,260.49,263.26,259.4,262.57,521200.0
2010-12-07,270.31,271.27,255.94,260.15,1553900.0,0.0,1.0,270.31,271.27,255.94,260.15,1553900.0
2010-12-06,265.99,266.25,261.77,261.91,750600.0,0.0,1.0,265.99,266.25,261.77,261.91,750600.0
2010-12-03,263.2,265.49,262.4,265.2,360500.0,0.0,1.0,263.2,265.49,262.4,265.2,360500.0
2010-12-02,260.96,263.49,259.91,263.2,271100.0,0.0,1.0,260.96,263.49,259.91,263.2,271100.0
2010-12-01,261.89,262.0,259.73,260.56,362300.0,0.0,1.0,261.89,262.0,259.73,260.56,362300.0
2010-11-30,256.87,260.25,256.72,259.41,429500.0,0.0,1.0,256.87,260.25,256.72,259.41,429500.0
2010-11-29,259.22,259.52,255.23,257.8,353500.0,0.0,1.0,259.22,259.52,255.23,257.8,353500.0
2010-11-26,258.06,259.75,257.18,259.48,162600.0,0.0,1.0,258.06,259.75,257.18,259.48,162600.0
2010-11-24,255.31,259.14,255.31,259.14,281100.0,0.0,1.0,255.31,259.14,255.31,259.14,281100.0
2010-11-23,254.31,255.13,250.92,254.91,248200.0,0.0,1.0,254.31,255.13,250.92,254.91,248200.0
2010-11-22,250.77,256.0,250.77,255.65,426900.0,0.0,1.0,250.77,256.0,250.77,255.65,426900.0
2010-11-19,250.95,251.85,250.34,251.2,375700.0,0.0,1.0,250.95,251.85,250.34,251.2,375700.0
2010-11-18,251.71,253.5,251.14,251.17,369700.0,0.0,1.0,251.71,253.5,251.14,251.17,369700.0
2010-11-17,249.14,250.7,248.17,249.23,329600.0,0.0,1.0,249.14,250.7,248.17,249.23,329600.0
2010-11-16,250.79,252.88,248.6,249.0,338400.0,0.0,1.0,250.79,252.88,248.6,249.0,338400.0
2010-11-15,251.55,253.47,250.88,251.39,389800.0,0.0,1.0,251.55,253.47,250.88,251.39,389800.0
2010-11-12,251.21,252.4,249.35,250.68,340600.0,0.0,1.0,251.21,252.4,249.35,250.68,340600.0
2010-11-11,248.96,252.48,248.55,252.09,617400.0,0.0,1.0,248.96,252.48,248.55,252.09,617400.0
2010-11-10,243.22,249.53,242.87,248.95,729800.0,0.0,1.0,243.22,249.53,242.87,248.95,729800.0
2010-11-09,243.05,243.66,242.05,243.0,328600.0,0.0,1.0,243.05,243.66,242.05,243.0,328600.0
2010-11-08,238.85,243.62,238.59,242.85,400400.0,0.0,1.0,238.85,243.62,238.59,242.85,400400.0
2010-11-05,239.17,240.5,239.17,239.87,439900.0,0.0,1.0,239.17,240.5,239.17,239.87,439900.0
2010-11-04,239.15,239.48,237.94,239.24,618700.0,0.0,1.0,239.15,239.48,237.94,239.24,618700.0
2010-11-03,237.84,238.7,236.0,238.0,533800.0,0.0,1.0,237.84,238.7,236.0,238.0,533800.0
2010-11-02,237.0,238.86,236.25,237.99,271200.0,0.0,1.0,237.0,238.86,236.25,237.99,271200.0
2010-11-01,237.69,238.0,234.34,235.64,326200.0,0.0,1.0,237.69,238.0,234.34,235.64,326200.0
2010-10-29,235.88,237.69,235.35,237.63,233700.0,0.0,1.0,235.88,237.69,235.35,237.63,233700.0
2010-10-28,236.93,237.93,234.8,236.8,425200.0,0.0,1.0,236.93,237.93,234.8,236.8,425200.0
2010-10-27,234.76,236.06,232.94,235.85,339000.0,0.0,1.0,234.76,236.06,232.94,235.85,339000.0
2010-10-26,234.47,237.0,234.47,236.5,440500.0,0.0,1.0,234.47,237.0,234.47,236.5,440500.0
2010-10-25,234.9,236.75,234.76,235.12,378300.0,0.0,1.0,234.9,236.75,234.76,235.12,378300.0
2010-10-22,231.65,234.98,230.72,234.72,330600.0,0.0,1.0,231.65,234.98,230.72,234.72,330600.0
2010-10-21,232.58,234.47,229.99,231.37,427500.0,0.0,1.0,232.58,234.47,229.99,231.37,427500.0
2010-10-20,229.92,233.0,229.84,231.9,444200.0,0.0,1.0,229.92,233.0,229.84,231.9,444200.0
2010-10-19,231.4,233.0,227.7,229.47,719500.0,0.0,1.0,231.4,233.0,227.7,229.47,719500.0
2010-10-18,232.71,233.1,231.06,232.8,446900.0,0.0,1.0,232.71,233.1,231.06,232.8,446900.0
2010-10-15,233.5,233.75,232.04,232.96,621100.0,0.0,1.0,233.5,233.75,232.04,232.96,621100.0
2010-10-14,232.7,233.37,231.14,233.0,623900.0,0.0,1.0,232.7,233.37,231.14,233.0,623900.0
2010-10-13,233.7,233.7,231.38,232.55,733700.0,0.0,1.0,233.7,233.7,231.38,232.55,733700.0
2010-10-12,233.05,233.91,231.53,232.95,503900.0,0.0,1.0,233.05,233.91,231.53,232.95,503900.0
2010-10-11,234.0,234.5,232.07,232.83,455600.0,0.0,1.0,234.0,234.5,232.07,232.83,455600.0
2010-10-08,233.5,233.78,231.92,232.81,626900.0,0.0,1.0,233.5,233.78,231.92,232.81,626900.0
2010-10-07,233.98,233.99,232.34,233.0,481200.0,0.0,1.0,233.98,233.99,232.34,233.0,481200.0
2010-10-06,233.1,233.99,232.1,233.0,480800.0,0.0,1.0,233.1,233.99,232.1,233.0,480800.0
2010-10-05,232.24,233.99,231.51,233.33,755200.0,0.0,1.0,232.24,233.99,231.51,233.33,755200.0
2010-10-04,229.75,232.13,228.76,230.63,615600.0,0.0,1.0,229.75,232.13,228.76,230.63,615600.0
2010-10-01,229.95,230.0,227.81,228.83,614500.0,0.0,1.0,229.95,230.0,227.81,228.83,614500.0
2010-09-30,231.5,231.73,226.8,228.91,679900.0,0.0,1.0,231.5,231.73,226.8,228.91,679900.0
2010-09-29,228.15,231.23,228.01,230.56,734600.0,0.0,1.0,228.15,231.23,228.01,230.56,734600.0
2010-09-28,226.31,228.75,224.74,228.2,524800.0,0.0,1.0,226.31,228.75,224.74,228.2,524800.0
2010-09-27,225.59,226.75,224.0,225.74,422900.0,0.0,1.0,225.59,226.75,224.0,225.74,422900.0
2010-09-24,224.19,226.06,224.0,225.73,458700.0,0.0,1.0,224.19,226.06,224.0,225.73,458700.0
2010-09-23,221.08,225.0,220.98,222.64,488400.0,0.0,1.0,221.08,225.0,220.98,222.64,488400.0
2010-09-22,216.43,223.25,216.43,222.1,820400.0,0.0,1.0,216.43,223.25,216.43,222.1,820400.0
2010-09-21,221.9,221.9,214.0,217.02,1168500.0,0.0,1.0,221.9,221.9,214.0,217.02,1168500.0
2010-09-20,222.0,222.87,219.51,220.14,784000.0,0.0,1.0,222.0,222.87,219.51,220.14,784000.0
2010-09-17,219.95,220.92,218.28,220.88,682800.0,0.0,1.0,219.95,220.92,218.28,220.88,682800.0
2010-09-16,218.82,219.39,217.89,218.89,388000.0,0.0,1.0,218.82,219.39,217.89,218.89,388000.0
2010-09-15,217.99,219.31,217.38,219.3,269700.0,0.0,1.0,217.99,219.31,217.38,219.3,269700.0
2010-09-14,216.86,219.41,215.71,218.27,349000.0,0.0,1.0,216.86,219.41,215.71,218.27,349000.0
2010-09-13,214.99,217.28,213.52,216.75,494400.0,0.0,1.0,214.99,217.28,213.52,216.75,494400.0
2010-09-10,217.4,218.97,217.27,217.9,275200.0,0.0,1.0,217.4,218.97,217.27,217.9,275200.0
2010-09-09,221.18,221.57,215.88,217.26,440200.0,0.0,1.0,221.18,221.57,215.88,217.26,440200.0
2010-09-08,218.54,221.54,218.21,220.24,414500.0,0.0,1.0,218.54,221.54,218.21,220.24,414500.0
2010-09-07,217.94,219.5,217.65,218.55,323500.0,0.0,1.0,217.94,219.5,217.65,218.55,323500.0
2010-09-03,218.0,219.23,216.51,218.45,264800.0,0.0,1.0,218.0,219.23,216.51,218.45,264800.0
2010-09-02,214.25,217.15,213.64,216.94,457600.0,0.0,1.0,214.25,217.15,213.64,216.94,457600.0
2010-09-01,212.0,214.93,210.25,214.09,501800.0,0.0,1.0,212.0,214.93,210.25,214.09,501800.0
2010-08-31,210.59,213.21,209.53,209.78,479200.0,0.0,1.0,210.59,213.21,209.53,209.78,479200.0
2010-08-30,213.45,213.6,210.9,211.03,386900.0,0.0,1.0,213.45,213.6,210.9,211.03,386900.0
2010-08-27,211.66,215.15,211.66,214.65,375900.0,0.0,1.0,211.66,215.15,211.66,214.65,375900.0
2010-08-26,211.48,214.11,211.08,211.46,402000.0,0.0,1.0,211.48,214.11,211.08,211.46,402000.0
2010-08-25,209.02,211.41,208.01,210.5,440800.0,0.0,1.0,209.02,211.41,208.01,210.5,440800.0
2010-08-24,213.13,213.4,209.3,209.88,534200.0,0.0,1.0,213.13,213.4,209.3,209.88,534200.0
2010-08-23,213.36,215.21,212.88,213.61,343200.0,0.0,1.0,213.36,215.21,212.88,213.61,343200.0
2010-08-20,209.52,213.6,209.52,213.07,369700.0,0.0,1.0,209.52,213.6,209.52,213.07,369700.0
2010-08-19,212.44,213.04,210.11,211.0,369600.0,0.0,1.0,212.44,213.04,210.11,211.0,369600.0
2010-08-18,209.8,213.79,209.59,212.4,377800.0,0.0,1.0,209.8,213.79,209.59,212.4,377800.0
2010-08-17,207.85,210.99,207.72,210.07,395500.0,0.0,1.0,207.85,210.99,207.72,210.07,395500.0
2010-08-16,206.87,207.16,205.95,207.0,467200.0,0.0,1.0,206.87,207.16,205.95,207.0,467200.0
2010-08-13,206.22,209.3,206.22,207.86,624100.0,0.0,1.0,206.22,209.3,206.22,207.86,624100.0
2010-08-12,203.05,207.29,203.05,206.5,539200.0,0.0,1.0,203.05,207.29,203.05,206.5,539200.0
2010-08-11,205.28,206.32,204.01,204.56,390700.0,0.0,1.0,205.28,206.32,204.01,204.56,390700.0
2010-08-10,206.82,207.75,205.89,206.83,686000.0,0.0,1.0,206.82,207.75,205.89,206.83,686000.0
2010-08-09,208.1,208.79,207.0,207.27,672200.0,0.0,1.0,208.1,208.79,207.0,207.27,672200.0
2010-08-06,205.25,207.6,204.25,207.39,460700.0,0.0,1.0,205.25,207.6,204.25,207.39,460700.0
2010-08-05,204.71,206.43,204.0,205.85,498900.0,0.0,1.0,204.71,206.43,204.0,205.85,498900.0
2010-08-04,207.0,208.04,204.91,205.76,677000.0,0.0,1.0,207.0,208.04,204.91,205.76,677000.0
2010-08-03,209.47,209.47,205.39,206.83,770300.0,0.0,1.0,209.47,209.47,205.39,206.83,770300.0
2010-08-02,213.51,213.65,211.1,211.85,604000.0,0.0,1.0,213.51,213.65,211.1,211.85,604000.0
2010-07-30,207.9,212.38,207.68,211.57,525500.0,0.0,1.0,207.9,212.38,207.68,211.57,525500.0
2010-07-29,211.4,211.73,207.1,208.77,802000.0,0.0,1.0,211.4,211.73,207.1,208.77,802000.0
2010-07-28,210.47,211.47,209.59,210.37,864200.0,0.0,1.0,210.47,211.47,209.59,210.37,864200.0
2010-07-27,213.0,213.0,209.62,209.96,633500.0,0.0,1.0,213.0,213.0,209.62,209.96,633500.0
2010-07-26,207.9,212.27,207.79,212.06,693000.0,0.0,1.0,207.9,212.27,207.79,212.06,693000.0
2010-07-23,206.5,207.48,206.11,207.0,1125800.0,0.0,1.0,206.5,207.48,206.11,207.0,1125800.0
2010-07-22,207.25,208.0,205.77,206.94,985700.0,0.0,1.0,207.25,208.0,205.77,206.94,985700.0
2010-07-21,207.92,207.92,205.81,206.29,531300.0,0.0,1.0,207.92,207.92,205.81,206.29,531300.0
2010-07-20,201.97,208.2,201.97,207.5,619100.0,0.0,1.0,201.97,208.2,201.97,207.5,619100.0
2010-07-19,202.92,204.81,201.9,203.85,395000.0,0.0,1.0,202.92,204.81,201.9,203.85,395000.0
2010-07-16,204.55,204.96,201.51,202.25,636900.0,0.0,1.0,204.55,204.96,201.51,202.25,636900.0
2010-07-15,204.7,205.45,203.6,204.91,932600.0,0.0,1.0,204.7,205.45,203.6,204.91,932600.0
2010-07-14,205.31,206.15,203.8,204.96,594700.0,0.0,1.0,205.31,206.15,203.8,204.96,594700.0
2010-07-13,203.98,206.42,203.05,205.43,609300.0,0.0,1.0,203.98,206.42,203.05,205.43,609300.0
2010-07-12,200.38,203.5,199.76,202.69,637700.0,0.0,1.0,200.38,203.5,199.76,202.69,637700.0
2010-07-09,198.4,200.74,197.6,200.12,557000.0,0.0,1.0,198.4,200.74,197.6,200.12,557000.0
2010-07-08,197.75,200.59,197.08,198.1,763100.0,0.0,1.0,197.75,200.59,197.08,198.1,763100.0
2010-07-07,194.16,197.33,194.1,197.11,690900.0,0.0,1.0,194.16,197.33,194.1,197.11,690900.0
2010-07-06,196.32,197.37,192.65,194.66,611200.0,0.0,1.0,196.32,197.37,192.65,194.66,611200.0
2010-07-02,195.5,196.36,194.0,195.01,447600.0,0.0,1.0,195.5,196.36,194.0,195.01,447600.0
2010-07-01,193.0,195.2,189.38,194.72,743400.0,0.0,1.0,193.0,195.2,189.38,194.72,743400.0
2010-06-30,195.28,197.13,192.7,193.22,560300.0,0.0,1.0,195.28,197.13,192.7,193.22,560300.0
2010-06-29,194.87,197.46,192.17,195.53,728900.0,0.0,1.0,194.87,197.46,192.17,195.53,728900.0
2010-06-28,196.13,198.22,195.08,196.21,417900.0,0.0,1.0,196.13,198.22,195.08,196.21,417900.0
2010-06-25,196.5,197.63,194.97,196.13,645000.0,0.0,1.0,196.5,197.63,194.97,196.13,645000.0
2010-06-24,195.53,196.81,192.91,195.64,656100.0,0.0,1.0,195.53,196.81,192.91,195.64,656100.0
2010-06-23,192.6,196.7,192.13,196.23,654000.0,0.0,1.0,192.6,196.7,192.13,196.23,654000.0
2010-06-22,194.7,196.65,192.63,192.85,534400.0,0.0,1.0,194.7,196.65,192.63,192.85,534400.0
2010-06-21,196.75,196.95,194.33,194.85,559200.0,0.0,1.0,196.75,196.95,194.33,194.85,559200.0
2010-06-18,195.64,196.75,194.74,195.31,590500.0,0.0,1.0,195.64,196.75,194.74,195.31,590500.0
2010-06-17,194.91,196.06,193.19,195.13,459200.0,0.0,1.0,194.91,196.06,193.19,195.13,459200.0
2010-06-16,193.92,196.49,193.91,195.41,596700.0,0.0,1.0,193.92,196.49,193.91,195.41,596700.0
2010-06-15,191.5,194.27,190.22,194.23,681200.0,0.0,1.0,191.5,194.27,190.22,194.23,681200.0
2010-06-14,190.42,192.54,190.09,190.66,467700.0,0.0,1.0,190.42,192.54,190.09,190.66,467700.0
2010-06-11,187.62,189.81,185.21,189.3,866200.0,0.0,1.0,187.62,189.81,185.21,189.3,866200.0
2010-06-10,185.91,188.81,183.7,187.72,1364900.0,0.0,1.0,185.91,188.81,183.7,187.72,1364900.0
2010-06-09,189.85,191.66,187.95,188.59,627600.0,0.0,1.0,189.85,191.66,187.95,188.59,627600.0
2010-06-08,186.0,188.95,185.51,188.89,707400.0,0.0,1.0,186.0,188.95,185.51,188.89,707400.0
2010-06-07,190.1,190.96,185.85,186.09,629900.0,0.0,1.0,190.1,190.96,185.85,186.09,629900.0
2010-06-04,191.43,192.22,188.19,188.89,698100.0,0.0,1.0,191.43,192.22,188.19,188.89,698100.0
2010-06-03,192.14,192.99,191.34,192.93,672400.0,0.0,1.0,192.14,192.99,191.34,192.93,672400.0
2010-06-02,192.75,192.75,189.88,192.65,1057500.0,0.0,1.0,192.75,192.75,189.88,192.65,1057500.0
2010-06-01,191.32,194.13,189.24,191.46,815800.0,0.0,1.0,191.32,194.13,189.24,191.46,815800.0
2010-05-28,190.9,193.33,190.88,190.88,998100.0,0.0,1.0,190.9,193.33,190.88,190.88,998100.0
2010-05-27,192.0,192.43,191.3,192.0,978000.0,0.0,1.0,192.0,192.43,191.3,192.0,978000.0
2010-05-26,194.23,195.75,189.7,190.18,899000.0,0.0,1.0,194.23,195.75,189.7,190.18,899000.0
2010-05-25,188.41,195.59,185.19,194.57,2169500.0,0.0,1.0,188.41,195.59,185.19,194.57,2169500.0
2010-05-24,181.77,186.24,180.02,184.25,516900.0,0.0,1.0,181.77,186.24,180.02,184.25,516900.0
2010-05-21,177.66,183.97,177.66,183.47,651000.0,0.0,1.0,177.66,183.97,177.66,183.47,651000.0
2010-05-20,182.43,184.0,179.57,179.66,925700.0,0.0,1.0,182.43,184.0,179.57,179.66,925700.0
2010-05-19,180.0,184.19,179.5,182.04,444400.0,0.0,1.0,180.0,184.19,179.5,182.04,444400.0
2010-05-18,183.77,185.46,180.5,180.8,369700.0,0.0,1.0,183.77,185.46,180.5,180.8,369700.0
2010-05-17,180.9,184.1,178.49,183.72,605700.0,0.0,1.0,180.9,184.1,178.49,183.72,605700.0
2010-05-14,180.9,182.23,178.9,180.31,535800.0,0.0,1.0,180.9,182.23,178.9,180.31,535800.0
2010-05-13,185.39,185.39,180.6,180.95,316000.0,0.0,1.0,185.39,185.39,180.6,180.95,316000.0
2010-05-12,184.45,185.4,182.45,185.22,320900.0,0.0,1.0,184.45,185.4,182.45,185.22,320900.0
2010-05-11,182.23,184.45,182.11,183.86,518200.0,0.0,1.0,182.23,184.45,182.11,183.86,518200.0
2010-05-10,179.71,183.29,179.14,183.15,554400.0,0.0,1.0,179.71,183.29,179.14,183.15,554400.0
2010-05-07,178.81,180.01,172.19,176.08,569300.0,0.0,1.0,178.81,180.01,172.19,176.08,569300.0
2010-05-06,182.69,183.1,171.65,178.13,675500.0,0.0,1.0,182.69,183.1,171.65,178.13,675500.0
2010-05-05,183.0,185.15,182.7,183.03,468000.0,0.0,1.0,183.0,185.15,182.7,183.03,468000.0
2010-05-04,185.1,185.1,181.58,183.83,307700.0,0.0,1.0,185.1,185.1,181.58,183.83,307700.0
2010-05-03,184.47,186.33,183.86,186.33,373100.0,0.0,1.0,184.47,186.33,183.86,186.33,373100.0
2010-04-30,186.49,187.94,183.61,185.01,443100.0,0.0,1.0,186.49,187.94,183.61,185.01,443100.0
2010-04-29,181.1,187.16,181.1,185.64,398700.0,0.0,1.0,181.1,187.16,181.1,185.64,398700.0
2010-04-28,182.17,183.65,179.1,180.26,353100.0,0.0,1.0,182.17,183.65,179.1,180.26,353100.0
2010-04-27,185.19,185.99,181.82,182.03,326700.0,0.0,1.0,185.19,185.99,181.82,182.03,326700.0
2010-04-26,184.98,185.47,183.54,185.13,226700.0,0.0,1.0,184.98,185.47,183.54,185.13,226700.0
2010-04-23,182.05,184.07,181.67,184.05,229400.0,0.0,1.0,182.05,184.07,181.67,184.05,229400.0
2010-04-22,180.05,183.27,180.05,182.24,454000.0,0.0,1.0,180.05,183.27,180.05,182.24,454000.0
2010-04-21,179.99,181.32,179.08,181.0,249200.0,0.0,1.0,179.99,181.32,179.08,181.0,249200.0
2010-04-20,180.17,180.99,179.2,179.76,236300.0,0.0,1.0,180.17,180.99,179.2,179.76,236300.0
2010-04-19,180.15,180.73,177.67,180.0,330900.0,0.0,1.0,180.15,180.73,177.67,180.0,330900.0
2010-04-16,181.01,181.5,179.54,180.11,506600.0,0.0,1.0,181.01,181.5,179.54,180.11,506600.0
2010-04-15,179.64,181.25,179.02,181.05,349000.0,0.0,1.0,179.64,181.25,179.02,181.05,349000.0
2010-04-14,176.44,180.2,175.62,179.8,395000.0,0.0,1.0,176.44,180.2,175.62,179.8,395000.0
2010-04-13,175.24,176.06,174.68,175.44,225400.0,0.0,1.0,175.24,176.06,174.68,175.44,225400.0
2010-04-12,175.36,176.1,174.83,175.42,219800.0,0.0,1.0,175.36,176.1,174.83,175.42,219800.0
2010-04-09,175.33,175.6,174.2,175.29,232600.0,0.0,1.0,175.33,175.6,174.2,175.29,232600.0
2010-04-08,175.44,176.09,174.17,175.05,347300.0,0.0,1.0,175.44,176.09,174.17,175.05,347300.0
2010-04-07,173.7,176.63,172.62,176.0,389200.0,0.0,1.0,173.7,176.63,172.62,176.0,389200.0
2010-04-06,173.51,174.14,172.59,173.97,281500.0,0.0,1.0,173.51,174.14,172.59,173.97,281500.0
2010-04-05,174.59,174.99,172.9,173.53,403200.0,0.0,1.0,174.59,174.99,172.9,173.53,403200.0
2010-04-01,173.82,175.33,173.82,174.88,288100.0,0.0,1.0,173.82,175.33,173.82,174.88,288100.0
2010-03-31,173.11,173.84,172.43,173.09,297500.0,0.0,1.0,173.11,173.84,172.43,173.09,297500.0
2010-03-30,172.84,174.89,172.73,173.58,343700.0,0.0,1.0,172.84,174.89,172.73,173.58,343700.0
2010-03-29,174.31,174.73,172.87,173.23,293800.0,0.0,1.0,174.31,174.73,172.87,173.23,293800.0
2010-03-26,173.93,175.35,173.31,174.22,308000.0,0.0,1.0,173.93,175.35,173.31,174.22,308000.0
2010-03-25,174.85,175.23,173.82,173.93,368000.0,0.0,1.0,174.85,175.23,173.82,173.93,368000.0
2010-03-24,174.33,174.33,172.75,173.57,437100.0,0.0,1.0,174.33,174.33,172.75,173.57,437100.0
2010-03-23,173.81,175.39,173.64,175.05,346000.0,0.0,1.0,173.81,175.39,173.64,175.05,346000.0
2010-03-22,172.65,174.82,171.62,174.19,518500.0,0.0,1.0,172.65,174.82,171.62,174.19,518500.0
2010-03-19,172.28,173.19,170.15,172.28,551100.0,0.0,1.0,172.28,173.19,170.15,172.28,551100.0
2010-03-18,172.49,174.15,171.29,172.21,309300.0,0.0,1.0,172.49,174.15,171.29,172.21,309300.0
2010-03-17,168.48,173.03,168.48,172.0,672200.0,0.0,1.0,168.48,173.03,168.48,172.0,672200.0
2010-03-16,167.79,169.33,167.46,169.17,516100.0,0.0,1.0,167.79,169.33,167.46,169.17,516100.0
2010-03-15,168.89,169.17,167.79,169.0,305300.0,0.0,1.0,168.89,169.17,167.79,169.0,305300.0
2010-03-12,168.73,169.33,168.09,168.89,256600.0,0.0,1.0,168.73,169.33,168.09,168.89,256600.0
2010-03-11,167.3,168.77,166.72,168.66,333600.0,0.0,1.0,167.3,168.77,166.72,168.66,333600.0
2010-03-10,167.36,169.06,167.36,168.09,633700.0,0.0,1.0,167.36,169.06,167.36,168.09,633700.0
2010-03-09,167.1,169.69,167.02,167.86,563300.0,0.0,1.0,167.1,169.69,167.02,167.86,563300.0
2010-03-08,168.76,168.97,167.77,168.15,495400.0,0.0,1.0,168.76,168.97,167.77,168.15,495400.0
2010-03-05,168.5,169.75,167.86,168.79,536100.0,0.0,1.0,168.5,169.75,167.86,168.79,536100.0
2010-03-04,164.78,168.4,164.75,167.62,742100.0,0.0,1.0,164.78,168.4,164.75,167.62,742100.0
2010-03-03,163.88,166.27,162.57,164.57,943100.0,0.0,1.0,163.88,166.27,162.57,164.57,943100.0
2010-03-02,168.34,170.33,164.53,164.74,1696900.0,0.0,1.0,168.34,170.33,164.53,164.74,1696900.0
2010-03-01,165.43,166.66,164.3,166.0,704200.0,0.0,1.0,165.43,166.66,164.3,166.0,704200.0
2010-02-26,166.5,167.09,164.51,165.93,584000.0,0.0,1.0,166.5,167.09,164.51,165.93,584000.0
2010-02-25,162.87,166.31,162.76,166.08,686700.0,0.0,1.0,162.87,166.31,162.76,166.08,686700.0
2010-02-24,163.77,165.5,163.28,164.96,494100.0,0.0,1.0,163.77,165.5,163.28,164.96,494100.0
2010-02-23,162.6,165.85,162.6,164.24,434600.0,0.0,1.0,162.6,165.85,162.6,164.24,434600.0
2010-02-22,164.3,164.43,162.98,163.07,275700.0,0.0,1.0,164.3,164.43,162.98,163.07,275700.0
2010-02-19,163.0,164.52,162.54,163.67,490100.0,0.0,1.0,163.0,164.52,162.54,163.67,490100.0
2010-02-18,162.69,163.42,160.2,163.19,892100.0,0.0,1.0,162.69,163.42,160.2,163.19,892100.0
2010-02-17,164.5,165.73,163.45,165.62,328500.0,0.0,1.0,164.5,165.73,163.45,165.62,328500.0
2010-02-16,161.32,164.92,161.02,164.87,737500.0,0.0,1.0,161.32,164.92,161.02,164.87,737500.0
2010-02-12,158.2,161.13,157.72,160.85,481200.0,0.0,1.0,158.2,161.13,157.72,160.85,481200.0
2010-02-11,158.5,159.17,157.2,158.65,528100.0,0.0,1.0,158.5,159.17,157.2,158.65,528100.0
2010-02-10,158.58,159.45,157.89,158.5,329000.0,0.0,1.0,158.58,159.45,157.89,158.5,329000.0
2010-02-09,158.09,159.63,155.87,159.05,485800.0,0.0,1.0,158.09,159.63,155.87,159.05,485800.0
2010-02-08,157.56,159.45,156.94,156.94,666200.0,0.0,1.0,157.56,159.45,156.94,156.94,666200.0
2010-02-05,154.38,156.02,153.44,155.38,820800.0,0.0,1.0,154.38,156.02,153.44,155.38,820800.0
2010-02-04,156.57,157.37,154.34,154.4,689300.0,0.0,1.0,156.57,157.37,154.34,154.4,689300.0
2010-02-03,157.18,157.58,156.19,157.09,322200.0,0.0,1.0,157.18,157.58,156.19,157.09,322200.0
2010-02-02,156.34,158.05,155.84,157.58,364700.0,0.0,1.0,156.34,158.05,155.84,157.58,364700.0
2010-02-01,155.45,157.04,155.41,156.5,283800.0,0.0,1.0,155.45,157.04,155.41,156.5,283800.0
2010-01-29,155.31,156.66,154.97,155.03,422300.0,0.0,1.0,155.31,156.66,154.97,155.03,422300.0
2010-01-28,156.69,157.29,154.44,155.42,399200.0,0.0,1.0,156.69,157.29,154.44,155.42,399200.0
2010-01-27,158.34,159.59,155.57,156.38,661700.0,0.0,1.0,158.34,159.59,155.57,156.38,661700.0
2010-01-26,155.74,158.56,155.47,158.34,542100.0,0.0,1.0,155.74,158.56,155.47,158.34,542100.0
2010-01-25,156.75,157.61,156.07,156.44,509700.0,0.0,1.0,156.75,157.61,156.07,156.44,509700.0
2010-01-22,156.94,158.72,155.51,155.87,661100.0,0.0,1.0,156.94,158.72,155.51,155.87,661100.0
2010-01-21,156.98,159.01,156.98,157.33,560100.0,0.0,1.0,156.98,159.01,156.98,157.33,560100.0
2010-01-20,156.38,157.89,155.34,156.37,682200.0,0.0,1.0,156.38,157.89,155.34,156.37,682200.0
2010-01-19,154.81,157.43,154.35,157.28,591700.0,0.0,1.0,154.81,157.43,154.35,157.28,591700.0
2010-01-15,154.14,155.53,153.64,155.08,697300.0,0.0,1.0,154.14,155.53,153.64,155.08,697300.0
2010-01-14,154.5,154.72,152.75,154.38,375200.0,0.0,1.0,154.5,154.72,152.75,154.38,375200.0
2010-01-13,154.83,155.51,153.97,154.75,362100.0,0.0,1.0,154.83,155.51,153.97,154.75,362100.0
2010-01-12,155.26,156.19,153.55,155.14,453500.0,0.0,1.0,155.26,156.19,153.55,155.14,453500.0
2010-01-11,155.01,155.65,153.89,155.48,440400.0,0.0,1.0,155.01,155.65,153.89,155.48,440400.0
2010-01-08,156.73,156.99,155.14,155.28,461900.0,0.0,1.0,156.73,156.99,155.14,155.28,461900.0
2010-01-07,155.92,157.91,155.14,157.3,424500.0,0.0,1.0,155.92,157.91,155.14,157.3,424500.0
2010-01-06,156.45,158.79,154.29,155.24,1074300.0,0.0,1.0,156.45,158.79,154.29,155.24,1074300.0
2010-01-05,158.65,158.65,152.32,156.71,1224700.0,0.0,1.0,158.65,158.65,152.32,156.71,1224700.0
2010-01-04,158.99,159.39,157.71,158.03,408300.0,0.0,1.0,158.99,159.39,157.71,158.03,408300.0
2009-12-31,159.46,160.28,158.07,158.07,272000.0,0.0,1.0,159.46,160.28,158.07,158.07,272000.0
2009-12-30,159.13,160.65,158.72,159.47,277000.0,0.0,1.0,159.13,160.65,158.72,159.47,277000.0
2009-12-29,160.05,160.57,159.34,159.47,153900.0,0.0,1.0,160.05,160.57,159.34,159.47,153900.0
2009-12-28,160.0,160.94,159.3,159.59,364800.0,0.0,1.0,160.0,160.94,159.3,159.59,364800.0
2009-12-24,160.01,160.28,159.62,159.91,143500.0,0.0,1.0,160.01,160.28,159.62,159.91,143500.0
2009-12-23,159.52,161.33,159.14,160.28,514200.0,0.0,1.0,159.52,161.33,159.14,160.28,514200.0
2009-12-22,159.03,159.99,158.56,159.52,420300.0,0.0,1.0,159.03,159.99,158.56,159.52,420300.0
2009-12-21,158.29,159.97,157.74,159.52,597800.0,0.0,1.0,158.29,159.97,157.74,159.52,597800.0
2009-12-18,159.29,159.5,157.58,158.29,581500.0,0.0,1.0,159.29,159.5,157.58,158.29,581500.0
2009-12-17,160.89,160.89,157.7,158.15,576600.0,0.0,1.0,160.89,160.89,157.7,158.15,576600.0
2009-12-16,157.7,158.85,156.69,157.99,466800.0,0.0,1.0,157.7,158.85,156.69,157.99,466800.0
2009-12-15,158.56,158.59,156.73,156.91,345200.0,0.0,1.0,158.56,158.59,156.73,156.91,345200.0
2009-12-14,158.36,158.77,156.41,158.56,620700.0,0.0,1.0,158.36,158.77,156.41,158.56,620700.0
2009-12-11,156.83,156.83,154.79,155.78,282700.0,0.0,1.0,156.83,156.83,154.79,155.78,282700.0
2009-12-10,156.0,156.48,154.4,155.4,599700.0,0.0,1.0,156.0,156.48,154.4,155.4,599700.0
2009-12-09,157.96,157.96,153.96,156.31,727900.0,0.0,1.0,157.96,157.96,153.96,156.31,727900.0
2009-12-08,152.66,158.95,149.92,156.9,1770200.0,0.0,1.0,152.66,158.95,149.92,156.9,1770200.0
2009-12-07,152.63,154.66,152.36,153.36,897600.0,0.0,1.0,152.63,154.66,152.36,153.36,897600.0
2009-12-04,152.12,154.83,149.98,152.08,735900.0,0.0,1.0,152.12,154.83,149.98,152.08,735900.0
2009-12-03,150.44,152.34,149.02,151.4,715200.0,0.0,1.0,150.44,152.34,149.02,151.4,715200.0
2009-12-02,151.66,152.05,149.89,150.48,427600.0,0.0,1.0,151.66,152.05,149.89,150.48,427600.0
2009-12-01,148.49,152.95,148.29,151.2,679200.0,0.0,1.0,148.49,152.95,148.29,151.2,679200.0
2009-11-30,149.63,149.97,146.98,147.87,665200.0,0.0,1.0,149.63,149.97,146.98,147.87,665200.0
2009-11-27,148.12,151.36,147.6,150.05,321600.0,0.0,1.0,148.12,151.36,147.6,150.05,321600.0
2009-11-25,147.2,150.69,147.2,150.29,657200.0,0.0,1.0,147.2,150.69,147.2,150.29,657200.0
2009-11-24,148.0,148.37,146.17,147.31,288900.0,0.0,1.0,148.0,148.37,146.17,147.31,288900.0
2009-11-23,148.12,148.85,146.9,147.73,366900.0,0.0,1.0,148.12,148.85,146.9,147.73,366900.0
2009-11-20,145.01,147.89,144.63,147.42,771900.0,0.0,1.0,145.01,147.89,144.63,147.42,771900.0
2009-11-19,146.15,146.15,144.24,145.83,558100.0,0.0,1.0,146.15,146.15,144.24,145.83,558100.0
2009-11-18,142.97,146.05,142.26,145.86,655300.0,0.0,1.0,142.97,146.05,142.26,145.86,655300.0
2009-11-17,142.68,143.19,141.43,142.62,476600.0,0.0,1.0,142.68,143.19,141.43,142.62,476600.0
2009-11-16,143.71,144.0,142.0,143.03,893700.0,0.0,1.0,143.71,144.0,142.0,143.03,893700.0
2009-11-13,144.16,145.3,143.01,143.67,432300.0,0.0,1.0,144.16,145.3,143.01,143.67,432300.0
2009-11-12,146.4,146.45,143.96,144.19,822800.0,0.0,1.0,146.4,146.45,143.96,144.19,822800.0
2009-11-11,144.26,148.32,144.01,147.51,1191200.0,0.0,1.0,144.26,148.32,144.01,147.51,1191200.0
2009-11-10,142.76,143.6,142.11,143.35,530400.0,0.0,1.0,142.76,143.6,142.11,143.35,530400.0
2009-11-09,141.01,143.67,140.33,143.24,590900.0,0.0,1.0,141.01,143.67,140.33,143.24,590900.0
2009-11-06,139.98,141.37,138.58,140.32,550900.0,0.0,1.0,139.98,141.37,138.58,140.32,550900.0
2009-11-05,140.16,140.84,138.01,140.21,540900.0,0.0,1.0,140.16,140.84,138.01,140.21,540900.0
2009-11-04,139.78,141.42,139.09,139.35,891900.0,0.0,1.0,139.78,141.42,139.09,139.35,891900.0
2009-11-03,136.44,139.61,136.05,138.93,901200.0,0.0,1.0,136.44,139.61,136.05,138.93,901200.0
2009-11-02,135.82,137.3,135.13,136.22,810300.0,0.0,1.0,135.82,137.3,135.13,136.22,810300.0
2009-10-30,138.02,138.5,135.31,135.31,893000.0,0.0,1.0,138.02,138.5,135.31,135.31,893000.0
2009-10-29,139.01,140.5,137.64,138.29,885700.0,0.0,1.0,139.01,140.5,137.64,138.29,885700.0
2009-10-28,136.55,138.97,136.34,136.42,1066600.0,0.0,1.0,136.55,138.97,136.34,136.42,1066600.0
2009-10-27,137.46,138.79,135.68,137.17,915600.0,0.0,1.0,137.46,138.79,135.68,137.17,915600.0
2009-10-26,137.51,139.15,137.03,137.46,557100.0,0.0,1.0,137.51,139.15,137.03,137.46,557100.0
2009-10-23,139.59,139.59,137.28,137.62,840900.0,0.0,1.0,139.59,139.59,137.28,137.62,840900.0
2009-10-22,137.47,139.45,137.19,139.1,929500.0,0.0,1.0,137.47,139.45,137.19,139.1,929500.0
2009-10-21,141.07,142.0,137.98,137.99,1166500.0,0.0,1.0,141.07,142.0,137.98,137.99,1166500.0
2009-10-20,143.9,143.9,140.4,140.94,1377900.0,0.0,1.0,143.9,143.9,140.4,140.94,1377900.0
2009-10-19,143.84,145.34,142.25,144.0,1363000.0,0.0,1.0,143.84,145.34,142.25,144.0,1363000.0
2009-10-16,143.81,145.91,143.81,144.52,739700.0,0.0,1.0,143.81,145.91,143.81,144.52,739700.0
2009-10-15,143.41,145.36,143.21,144.67,908300.0,0.0,1.0,143.41,145.36,143.21,144.67,908300.0
2009-10-14,145.0,145.89,143.4,143.95,1163700.0,0.0,1.0,145.0,145.89,143.4,143.95,1163700.0
2009-10-13,144.82,145.92,143.86,144.7,663500.0,0.0,1.0,144.82,145.92,143.86,144.7,663500.0
2009-10-12,146.12,146.83,144.4,144.87,746500.0,0.0,1.0,146.12,146.83,144.4,144.87,746500.0
2009-10-09,147.11,147.74,145.05,145.92,746100.0,0.0,1.0,147.11,147.74,145.05,145.92,746100.0
2009-10-08,147.5,148.78,146.86,147.12,606200.0,0.0,1.0,147.5,148.78,146.86,147.12,606200.0
2009-10-07,146.59,147.4,144.7,147.21,777700.0,0.0,1.0,146.59,147.4,144.7,147.21,777700.0
2009-10-06,146.24,147.66,145.33,147.08,928000.0,0.0,1.0,146.24,147.66,145.33,147.08,928000.0
2009-10-05,145.7,147.12,144.57,145.14,1186300.0,0.0,1.0,145.7,147.12,144.57,145.14,1186300.0
2009-10-02,144.21,147.32,143.82,146.05,1132100.0,0.0,1.0,144.21,147.32,143.82,146.05,1132100.0
2009-10-01,145.77,147.06,144.13,145.62,1380100.0,0.0,1.0,145.77,147.06,144.13,145.62,1380100.0
2009-09-30,145.17,147.0,144.45,146.22,994500.0,0.0,1.0,145.17,147.0,144.45,146.22,994500.0
2009-09-29,143.29,146.76,143.26,145.98,1528100.0,0.0,1.0,143.29,146.76,143.26,145.98,1528100.0
2009-09-28,143.98,145.44,142.41,142.77,862700.0,0.0,1.0,143.98,145.44,142.41,142.77,862700.0
2009-09-25,142.18,144.5,142.0,143.97,1159200.0,0.0,1.0,142.18,144.5,142.0,143.97,1159200.0
2009-09-24,142.72,144.4,142.05,142.5,1620600.0,0.0,1.0,142.72,144.4,142.05,142.5,1620600.0
2009-09-23,148.61,148.94,141.44,141.5,3902100.0,0.0,1.0,148.61,148.94,141.44,141.5,3902100.0
2009-09-22,154.69,154.69,151.74,152.92,869700.0,0.0,1.0,154.69,154.69,151.74,152.92,869700.0
2009-09-21,151.81,154.31,150.0,153.55,901500.0,0.0,1.0,151.81,154.31,150.0,153.55,901500.0
2009-09-18,146.91,152.55,146.88,152.09,1551100.0,0.0,1.0,146.91,152.55,146.88,152.09,1551100.0
2009-09-17,147.56,148.97,146.73,147.37,616800.0,0.0,1.0,147.56,148.97,146.73,147.37,616800.0
2009-09-16,147.59,148.76,146.42,147.41,622000.0,0.0,1.0,147.59,148.76,146.42,147.41,622000.0
2009-09-15,147.36,147.76,145.36,147.28,825700.0,0.0,1.0,147.36,147.76,145.36,147.28,825700.0
2009-09-14,145.34,147.44,144.82,147.2,578600.0,0.0,1.0,145.34,147.44,144.82,147.2,578600.0
2009-09-11,148.75,149.16,145.87,146.45,996200.0,0.0,1.0,148.75,149.16,145.87,146.45,996200.0
2009-09-10,149.31,150.23,147.88,149.4,572600.0,0.0,1.0,149.31,150.23,147.88,149.4,572600.0
2009-09-09,149.84,150.3,148.04,149.32,608200.0,0.0,1.0,149.84,150.3,148.04,149.32,608200.0
2009-09-08,149.62,150.07,147.51,150.0,700300.0,0.0,1.0,149.62,150.07,147.51,150.0,700300.0
2009-09-04,148.95,148.99,147.25,148.18,462200.0,0.0,1.0,148.95,148.99,147.25,148.18,462200.0
2009-09-03,145.38,148.98,144.77,148.81,817300.0,0.0,1.0,145.38,148.98,144.77,148.81,817300.0
2009-09-02,145.14,146.17,144.2,145.25,578200.0,0.0,1.0,145.14,146.17,144.2,145.25,578200.0
2009-09-01,146.34,147.95,144.24,144.94,1006100.0,0.0,1.0,146.34,147.95,144.24,144.94,1006100.0
2009-08-31,146.61,147.56,145.76,147.25,1153800.0,0.0,1.0,146.61,147.56,145.76,147.25,1153800.0
2009-08-28,149.6,150.57,147.0,148.45,1121800.0,0.0,1.0,149.6,150.57,147.0,148.45,1121800.0
2009-08-27,149.7,150.23,147.81,149.07,863300.0,0.0,1.0,149.7,150.23,147.81,149.07,863300.0
2009-08-26,149.76,151.95,149.42,150.22,698400.0,0.0,1.0,149.76,151.95,149.42,150.22,698400.0
2009-08-25,151.27,151.81,149.69,149.98,869000.0,0.0,1.0,151.27,151.81,149.69,149.98,869000.0
2009-08-24,152.96,153.37,150.66,150.8,592800.0,0.0,1.0,152.96,153.37,150.66,150.8,592800.0
2009-08-21,151.8,153.28,151.03,153.25,520500.0,0.0,1.0,151.8,153.28,151.03,153.25,520500.0
2009-08-20,152.07,152.56,149.52,151.81,714600.0,0.0,1.0,152.07,152.56,149.52,151.81,714600.0
2009-08-19,148.68,152.33,148.1,151.15,916000.0,0.0,1.0,148.68,152.33,148.1,151.15,916000.0
2009-08-18,147.88,151.94,146.26,149.84,1367200.0,0.0,1.0,147.88,151.94,146.26,149.84,1367200.0
2009-08-17,141.89,145.4,141.1,144.69,949000.0,0.0,1.0,141.89,145.4,141.1,144.69,949000.0
2009-08-14,145.01,145.5,143.34,143.92,812900.0,0.0,1.0,145.01,145.5,143.34,143.92,812900.0
2009-08-13,143.68,145.36,141.0,145.13,1421800.0,0.0,1.0,143.68,145.36,141.0,145.13,1421800.0
2009-08-12,148.86,149.95,148.25,148.49,470400.0,0.0,1.0,148.86,149.95,148.25,148.49,470400.0
2009-08-11,147.95,149.43,146.45,148.75,428600.0,0.0,1.0,147.95,149.43,146.45,148.75,428600.0
2009-08-10,151.0,151.0,146.67,147.98,721900.0,0.0,1.0,151.0,151.0,146.67,147.98,721900.0
2009-08-07,147.99,151.95,147.0,151.32,967000.0,0.0,1.0,147.99,151.95,147.0,151.32,967000.0
2009-08-06,145.99,147.75,144.59,147.42,763600.0,0.0,1.0,145.99,147.75,144.59,147.42,763600.0
2009-08-05,149.47,149.47,144.76,145.24,1089500.0,0.0,1.0,149.47,149.47,144.76,145.24,1089500.0
2009-08-04,149.5,150.42,147.65,148.31,941500.0,0.0,1.0,149.5,150.42,147.65,148.31,941500.0
2009-08-03,152.7,153.17,149.38,150.31,1282000.0,0.0,1.0,152.7,153.17,149.38,150.31,1282000.0
2009-07-31,157.16,157.61,153.47,153.57,677200.0,0.0,1.0,157.16,157.61,153.47,153.57,677200.0
2009-07-30,154.13,158.0,154.07,156.31,920100.0,0.0,1.0,154.13,158.0,154.07,156.31,920100.0
2009-07-29,153.16,153.7,151.6,152.96,754300.0,0.0,1.0,153.16,153.7,151.6,152.96,754300.0
2009-07-28,154.0,155.26,152.81,153.65,595000.0,0.0,1.0,154.0,155.26,152.81,153.65,595000.0
2009-07-27,157.41,157.41,153.06,154.68,730100.0,0.0,1.0,157.41,157.41,153.06,154.68,730100.0
2009-07-24,155.92,157.3,155.42,157.24,460200.0,0.0,1.0,155.92,157.3,155.42,157.24,460200.0
2009-07-23,156.86,157.85,155.2,156.78,1109300.0,0.0,1.0,156.86,157.85,155.2,156.78,1109300.0
2009-07-22,154.93,157.76,154.93,156.97,1506900.0,0.0,1.0,154.93,157.76,154.93,156.97,1506900.0
2009-07-21,156.52,156.52,152.33,155.93,1025300.0,0.0,1.0,156.52,156.52,152.33,155.93,1025300.0
2009-07-20,155.99,156.7,154.38,156.65,760000.0,0.0,1.0,155.99,156.7,154.38,156.65,760000.0
2009-07-17,157.68,157.94,156.18,156.98,1216200.0,0.0,1.0,157.68,157.94,156.18,156.98,1216200.0
2009-07-16,158.1,158.5,157.01,157.85,966200.0,0.0,1.0,158.1,158.5,157.01,157.85,966200.0
2009-07-15,159.7,160.8,157.83,158.0,1070500.0,0.0,1.0,159.7,160.8,157.83,158.0,1070500.0
2009-07-14,156.27,159.69,154.63,158.77,978000.0,0.0,1.0,156.27,159.69,154.63,158.77,978000.0
2009-07-13,153.81,156.35,151.71,155.89,825300.0,0.0,1.0,153.81,156.35,151.71,155.89,825300.0
2009-07-10,154.57,156.54,153.02,153.92,586600.0,0.0,1.0,154.57,156.54,153.02,153.92,586600.0
2009-07-09,155.05,156.62,154.05,155.27,962400.0,0.0,1.0,155.05,156.62,154.05,155.27,962400.0
2009-07-08,151.82,155.74,151.44,155.33,1068500.0,0.0,1.0,151.82,155.74,151.44,155.33,1068500.0
2009-07-07,151.65,152.07,150.05,150.74,781700.0,0.0,1.0,151.65,152.07,150.05,150.74,781700.0
2009-07-06,149.94,153.47,148.72,153.02,801300.0,0.0,1.0,149.94,153.47,148.72,153.02,801300.0
2009-07-02,153.04,153.95,150.0,150.0,737900.0,0.0,1.0,153.04,153.95,150.0,150.0,737900.0
2009-07-01,153.58,153.66,150.58,152.76,989200.0,0.0,1.0,153.58,153.66,150.58,152.76,989200.0
2009-06-30,151.21,152.96,150.41,151.11,902100.0,0.0,1.0,151.21,152.96,150.41,151.11,902100.0
2009-06-29,151.15,152.63,148.32,151.75,924400.0,0.0,1.0,151.15,152.63,148.32,151.75,924400.0
2009-06-26,152.04,152.05,149.2,149.85,1359600.0,0.0,1.0,152.04,152.05,149.2,149.85,1359600.0
2009-06-25,148.87,152.09,148.0,152.09,1415700.0,0.0,1.0,148.87,152.09,148.0,152.09,1415700.0
2009-06-24,153.36,153.67,147.44,148.8,1945000.0,0.0,1.0,153.36,153.67,147.44,148.8,1945000.0
2009-06-23,155.29,155.44,153.56,154.21,1044400.0,0.0,1.0,155.29,155.44,153.56,154.21,1044400.0
2009-06-22,153.87,156.47,153.56,155.1,1137200.0,0.0,1.0,153.87,156.47,153.56,155.1,1137200.0
2009-06-19,158.1,158.1,155.67,155.73,1383400.0,0.0,1.0,158.1,158.1,155.67,155.73,1383400.0
2009-06-18,156.07,158.5,154.63,157.4,882800.0,0.0,1.0,156.07,158.5,154.63,157.4,882800.0
2009-06-17,152.61,157.77,151.58,155.54,1072700.0,0.0,1.0,152.61,157.77,151.58,155.54,1072700.0
2009-06-16,154.89,155.12,152.08,152.48,788200.0,0.0,1.0,154.89,155.12,152.08,152.48,788200.0
2009-06-15,154.03,155.54,152.2,154.91,828800.0,0.0,1.0,154.03,155.54,152.2,154.91,828800.0
2009-06-12,153.55,155.98,151.59,155.5,774200.0,0.0,1.0,153.55,155.98,151.59,155.5,774200.0
2009-06-11,158.34,158.89,154.05,154.05,1264100.0,0.0,1.0,158.34,158.89,154.05,154.05,1264100.0
2009-06-10,160.84,161.25,155.72,157.92,1116200.0,0.0,1.0,160.84,161.25,155.72,157.92,1116200.0
2009-06-09,158.53,161.59,158.39,160.27,715600.0,0.0,1.0,158.53,161.59,158.39,160.27,715600.0
2009-06-08,158.0,159.54,157.0,158.34,547200.0,0.0,1.0,158.0,159.54,157.0,158.34,547200.0
2009-06-05,159.49,160.41,156.35,159.57,1052200.0,0.0,1.0,159.49,160.41,156.35,159.57,1052200.0
2009-06-04,158.38,158.54,155.44,158.4,1002000.0,0.0,1.0,158.38,158.54,155.44,158.4,1002000.0
2009-06-03,157.32,158.89,155.3,158.8,980700.0,0.0,1.0,157.32,158.89,155.3,158.8,980700.0
2009-06-02,156.99,159.43,155.27,158.32,1066600.0,0.0,1.0,156.99,159.43,155.27,158.32,1066600.0
2009-06-01,153.88,157.99,153.55,156.83,1218100.0,0.0,1.0,153.88,157.99,153.55,156.83,1218100.0
2009-05-29,150.88,153.8,149.3,152.15,1855300.0,0.0,1.0,150.88,153.8,149.3,152.15,1855300.0
2009-05-28,155.37,156.27,148.62,150.56,2219000.0,0.0,1.0,155.37,156.27,148.62,150.56,2219000.0
2009-05-27,159.92,161.32,153.49,155.04,3583100.0,0.0,1.0,159.92,161.32,153.49,155.04,3583100.0
2009-05-26,156.02,164.38,155.35,162.84,1907500.0,0.0,1.0,156.02,164.38,155.35,162.84,1907500.0
2009-05-22,154.99,156.95,151.66,155.65,1037500.0,0.0,1.0,154.99,156.95,151.66,155.65,1037500.0
2009-05-21,157.45,157.56,152.57,154.54,1463500.0,0.0,1.0,157.45,157.56,152.57,154.54,1463500.0
2009-05-20,162.3,163.76,155.82,157.1,1138300.0,0.0,1.0,162.3,163.76,155.82,157.1,1138300.0
2009-05-19,158.2,162.56,158.2,161.28,709900.0,0.0,1.0,158.2,162.56,158.2,161.28,709900.0
2009-05-18,158.94,159.67,155.28,158.71,775000.0,0.0,1.0,158.94,159.67,155.28,158.71,775000.0
2009-05-15,156.29,159.2,155.28,158.01,960400.0,0.0,1.0,156.29,159.2,155.28,158.01,960400.0
2009-05-14,154.48,157.89,154.02,156.67,950300.0,0.0,1.0,154.48,157.89,154.02,156.67,950300.0
2009-05-13,156.2,158.06,154.0,154.48,1319700.0,0.0,1.0,156.2,158.06,154.0,154.48,1319700.0
2009-05-12,158.51,159.49,154.18,156.98,1546300.0,0.0,1.0,158.51,159.49,154.18,156.98,1546300.0
2009-05-11,157.26,160.96,153.89,158.99,990800.0,0.0,1.0,157.26,160.96,153.89,158.99,990800.0
2009-05-08,163.92,164.95,156.54,157.47,1413900.0,0.0,1.0,163.92,164.95,156.54,157.47,1413900.0
2009-05-07,164.75,165.13,160.1,163.02,1152300.0,0.0,1.0,164.75,165.13,160.1,163.02,1152300.0
2009-05-06,164.49,167.39,162.11,163.3,1270500.0,0.0,1.0,164.49,167.39,162.11,163.3,1270500.0
2009-05-05,162.6,164.0,160.25,161.57,1015300.0,0.0,1.0,162.6,164.0,160.25,161.57,1015300.0
2009-05-04,163.93,164.82,161.62,163.21,1099300.0,0.0,1.0,163.93,164.82,161.62,163.21,1099300.0
2009-05-01,166.89,166.95,161.68,162.27,766200.0,0.0,1.0,166.89,166.95,161.68,162.27,766200.0
2009-04-30,165.93,169.99,164.72,166.39,1057900.0,0.0,1.0,165.93,169.99,164.72,166.39,1057900.0
2009-04-29,165.92,167.54,163.32,163.93,766800.0,0.0,1.0,165.92,167.54,163.32,163.93,766800.0
2009-04-28,162.95,167.0,162.55,165.19,697900.0,0.0,1.0,162.95,167.0,162.55,165.19,697900.0
2009-04-27,161.95,166.36,161.17,164.16,748400.0,0.0,1.0,161.95,166.36,161.17,164.16,748400.0
2009-04-24,164.44,165.33,161.43,161.68,918500.0,0.0,1.0,164.44,165.33,161.43,161.68,918500.0
2009-04-23,165.34,165.65,161.53,164.47,938200.0,0.0,1.0,165.34,165.65,161.53,164.47,938200.0
2009-04-22,164.45,169.13,163.03,164.44,944700.0,0.0,1.0,164.45,169.13,163.03,164.44,944700.0
2009-04-21,165.3,165.51,162.11,165.09,939700.0,0.0,1.0,165.3,165.51,162.11,165.09,939700.0
2009-04-20,165.7,166.36,163.2,165.36,955400.0,0.0,1.0,165.7,166.36,163.2,165.36,955400.0
2009-04-17,165.92,166.66,163.55,166.38,717800.0,0.0,1.0,165.92,166.66,163.55,166.38,717800.0
2009-04-16,162.24,166.32,161.38,165.93,1080700.0,0.0,1.0,162.24,166.32,161.38,165.93,1080700.0
2009-04-15,158.84,161.43,158.5,161.09,853700.0,0.0,1.0,158.84,161.43,158.5,161.09,853700.0
2009-04-14,157.5,159.55,155.35,158.93,920500.0,0.0,1.0,157.5,159.55,155.35,158.93,920500.0
2009-04-13,160.87,161.22,157.27,158.01,833000.0,0.0,1.0,160.87,161.22,157.27,158.01,833000.0
2009-04-09,161.15,162.55,159.89,161.72,892700.0,0.0,1.0,161.15,162.55,159.89,161.72,892700.0
2009-04-08,156.75,159.69,155.76,159.18,1000400.0,0.0,1.0,156.75,159.69,155.76,159.18,1000400.0
2009-04-07,160.32,160.32,155.39,155.47,1094900.0,0.0,1.0,160.32,160.32,155.39,155.47,1094900.0
2009-04-06,159.3,161.29,157.38,160.88,883900.0,0.0,1.0,159.3,161.29,157.38,160.88,883900.0
2009-04-03,157.83,161.62,155.34,160.3,1265900.0,0.0,1.0,157.83,161.62,155.34,160.3,1265900.0
2009-04-02,165.84,168.19,157.97,158.24,2555200.0,0.0,1.0,165.84,168.19,157.97,158.24,2555200.0
2009-04-01,162.64,167.13,161.5,166.82,1083200.0,0.0,1.0,162.64,167.13,161.5,166.82,1083200.0
2009-03-31,163.81,165.21,161.5,162.62,966500.0,0.0,1.0,163.81,165.21,161.5,162.62,966500.0
2009-03-30,162.6,163.65,160.75,163.4,817200.0,0.0,1.0,162.6,163.65,160.75,163.4,817200.0
2009-03-27,164.96,165.46,163.25,164.19,637400.0,0.0,1.0,164.96,165.46,163.25,164.19,637400.0
2009-03-26,161.99,166.42,161.34,166.2,1063000.0,0.0,1.0,161.99,166.42,161.34,166.2,1063000.0
2009-03-25,158.45,162.4,158.25,162.19,1092300.0,0.0,1.0,158.45,162.4,158.25,162.19,1092300.0
2009-03-24,157.75,159.02,157.0,158.05,1175200.0,0.0,1.0,157.75,159.02,157.0,158.05,1175200.0
2009-03-23,159.25,159.33,155.44,158.72,1648700.0,0.0,1.0,159.25,159.33,155.44,158.72,1648700.0
2009-03-20,160.96,161.92,157.01,160.03,1402600.0,0.0,1.0,160.96,161.92,157.01,160.03,1402600.0
2009-03-19,162.26,162.35,159.76,160.82,1357300.0,0.0,1.0,162.26,162.35,159.76,160.82,1357300.0
2009-03-18,162.49,164.07,159.24,162.31,1491200.0,0.0,1.0,162.49,164.07,159.24,162.31,1491200.0
2009-03-17,158.25,162.24,157.54,161.45,1366400.0,0.0,1.0,158.25,162.24,157.54,161.45,1366400.0
2009-03-16,161.64,161.98,158.36,158.5,1193100.0,0.0,1.0,161.64,161.98,158.36,158.5,1193100.0
2009-03-13,161.68,162.81,159.76,160.51,1246400.0,0.0,1.0,161.68,162.81,159.76,160.51,1246400.0
2009-03-12,158.12,161.45,156.5,161.0,1411300.0,0.0,1.0,158.12,161.45,156.5,161.0,1411300.0
2009-03-11,158.5,161.06,157.25,158.51,1331100.0,0.0,1.0,158.5,161.06,157.25,158.51,1331100.0
2009-03-10,151.65,157.66,151.02,157.66,1875800.0,0.0,1.0,151.65,157.66,151.02,157.66,1875800.0
2009-03-09,150.95,152.99,148.8,150.0,1838600.0,0.0,1.0,150.95,152.99,148.8,150.0,1838600.0
2009-03-06,154.0,154.0,147.84,152.76,1794200.0,0.0,1.0,154.0,154.0,147.84,152.76,1794200.0
2009-03-05,153.32,156.89,151.25,152.45,1921100.0,0.0,1.0,153.32,156.89,151.25,152.45,1921100.0
2009-03-04,150.91,155.79,150.29,154.29,2031700.0,0.0,1.0,150.91,155.79,150.29,154.29,2031700.0
2009-03-03,151.45,157.49,149.44,150.94,6849600.0,0.0,1.0,151.45,157.49,149.44,150.94,6849600.0
2009-03-02,141.16,142.17,139.25,140.03,1909700.0,0.0,1.0,141.16,142.17,139.25,140.03,1909700.0
2009-02-27,140.19,145.39,140.05,142.23,1719400.0,0.0,1.0,140.19,145.39,140.05,142.23,1719400.0
2009-02-26,145.8,146.34,140.72,141.08,1104000.0,0.0,1.0,145.8,146.34,140.72,141.08,1104000.0
2009-02-25,145.19,146.66,143.11,143.88,1278900.0,0.0,1.0,145.19,146.66,143.11,143.88,1278900.0
2009-02-24,142.27,146.16,142.27,145.62,1502600.0,0.0,1.0,142.27,146.16,142.27,145.62,1502600.0
2009-02-23,146.44,148.5,141.52,141.88,2118400.0,0.0,1.0,146.44,148.5,141.52,141.88,2118400.0
2009-02-20,141.48,146.95,140.52,146.39,2927100.0,0.0,1.0,141.48,146.95,140.52,146.39,2927100.0
2009-02-19,137.9,143.13,137.9,142.58,2555600.0,0.0,1.0,137.9,143.13,137.9,142.58,2555600.0
2009-02-18,132.0,133.45,129.21,133.11,1733300.0,0.0,1.0,132.0,133.45,129.21,133.11,1733300.0
2009-02-17,134.39,136.08,131.5,131.74,1921800.0,0.0,1.0,134.39,136.08,131.5,131.74,1921800.0
2009-02-13,139.1,139.64,136.41,136.7,854000.0,0.0,1.0,139.1,139.64,136.41,136.7,854000.0
2009-02-12,137.4,139.76,135.55,139.76,1137700.0,0.0,1.0,137.4,139.76,135.55,139.76,1137700.0
2009-02-11,139.86,140.39,138.09,138.86,897500.0,0.0,1.0,139.86,140.39,138.09,138.86,897500.0
2009-02-10,141.99,143.3,138.56,139.52,933400.0,0.0,1.0,141.99,143.3,138.56,139.52,933400.0
2009-02-09,144.15,144.99,141.47,142.46,829400.0,0.0,1.0,144.15,144.99,141.47,142.46,829400.0
2009-02-06,139.87,145.77,139.86,143.96,1994000.0,0.0,1.0,139.87,145.77,139.86,143.96,1994000.0
2009-02-05,136.5,140.25,136.44,139.86,1238000.0,0.0,1.0,136.5,140.25,136.44,139.86,1238000.0
2009-02-04,138.99,139.79,135.53,137.0,1280600.0,0.0,1.0,138.99,139.79,135.53,137.0,1280600.0
2009-02-03,134.88,139.7,133.68,139.08,1265600.0,0.0,1.0,134.88,139.7,133.68,139.08,1265600.0
2009-02-02,131.66,135.29,131.39,134.3,1118800.0,0.0,1.0,131.66,135.29,131.39,134.3,1118800.0
2009-01-30,135.5,136.6,132.31,132.89,888800.0,0.0,1.0,135.5,136.6,132.31,132.89,888800.0
2009-01-29,136.67,138.07,135.56,136.0,821000.0,0.0,1.0,136.67,138.07,135.56,136.0,821000.0
2009-01-28,135.05,137.99,135.03,137.27,961400.0,0.0,1.0,135.05,137.99,135.03,137.27,961400.0
2009-01-27,133.65,134.95,132.3,133.88,958100.0,0.0,1.0,133.65,134.95,132.3,133.88,958100.0
2009-01-26,133.53,134.99,131.3,132.61,1013400.0,0.0,1.0,133.53,134.99,131.3,132.61,1013400.0
2009-01-23,130.01,134.88,129.01,133.15,1280800.0,0.0,1.0,130.01,134.88,129.01,133.15,1280800.0
2009-01-22,132.0,133.84,129.43,133.08,1488000.0,0.0,1.0,132.0,133.84,129.43,133.08,1488000.0
2009-01-21,129.88,133.12,126.92,133.03,1527500.0,0.0,1.0,129.88,133.12,126.92,133.03,1527500.0
2009-01-20,131.79,132.19,128.32,128.98,1214900.0,0.0,1.0,131.79,132.19,128.32,128.98,1214900.0
2009-01-16,132.34,133.62,130.37,132.61,992900.0,0.0,1.0,132.34,133.62,130.37,132.61,992900.0
2009-01-15,127.95,132.65,126.6,131.29,1444300.0,0.0,1.0,127.95,132.65,126.6,131.29,1444300.0
2009-01-14,127.51,127.64,125.8,127.06,1357300.0,0.0,1.0,127.51,127.64,125.8,127.06,1357300.0
2009-01-13,127.61,131.31,127.5,129.16,1096600.0,0.0,1.0,127.61,131.31,127.5,129.16,1096600.0
2009-01-12,130.12,131.24,127.24,128.77,1500200.0,0.0,1.0,130.12,131.24,127.24,128.77,1500200.0
2009-01-09,135.89,136.67,132.3,133.06,860700.0,0.0,1.0,135.89,136.67,132.3,133.06,860700.0
2009-01-08,136.93,136.93,132.79,135.86,1388700.0,0.0,1.0,136.93,136.93,132.79,135.86,1388700.0
2009-01-07,135.83,136.37,132.19,135.44,1991300.0,0.0,1.0,135.83,136.37,132.19,135.44,1991300.0
2009-01-06,137.73,140.29,136.96,139.2,1341400.0,0.0,1.0,137.73,140.29,136.96,139.2,1341400.0
2009-01-05,140.8,141.78,136.55,137.73,1493500.0,0.0,1.0,140.8,141.78,136.55,137.73,1493500.0
2009-01-02,138.94,141.1,138.08,140.57,1148800.0,0.0,1.0,138.94,141.1,138.08,140.57,1148800.0
2008-12-31,136.25,140.64,135.85,139.47,1111400.0,0.0,1.0,136.25,140.64,135.85,139.47,1111400.0
2008-12-30,132.02,137.5,132.02,137.25,1253000.0,0.0,1.0,132.02,137.5,132.02,137.25,1253000.0
2008-12-29,131.87,133.06,130.0,132.69,933700.0,0.0,1.0,131.87,133.06,130.0,132.69,933700.0
2008-12-26,130.51,132.35,130.31,132.23,476000.0,0.0,1.0,130.51,132.35,130.31,132.23,476000.0
2008-12-24,129.71,130.91,129.42,129.97,188000.0,0.0,1.0,129.71,130.91,129.42,129.97,188000.0
2008-12-23,130.93,131.34,127.35,129.71,1033000.0,0.0,1.0,130.93,131.34,127.35,129.71,1033000.0
2008-12-22,130.0,130.87,125.77,128.63,1692000.0,0.0,1.0,130.0,130.87,125.77,128.63,1692000.0
2008-12-19,136.5,138.19,131.62,131.62,1741900.0,0.0,1.0,136.5,138.19,131.62,131.62,1741900.0
2008-12-18,134.8,138.13,134.25,135.77,1116000.0,0.0,1.0,134.8,138.13,134.25,135.77,1116000.0
2008-12-17,133.1,136.59,131.02,134.27,1080800.0,0.0,1.0,133.1,136.59,131.02,134.27,1080800.0
2008-12-16,129.5,133.95,129.48,133.5,1454300.0,0.0,1.0,129.5,133.95,129.48,133.5,1454300.0
2008-12-15,129.98,131.16,126.32,129.02,1575200.0,0.0,1.0,129.98,131.16,126.32,129.02,1575200.0
2008-12-12,123.99,130.76,123.25,129.6,1966100.0,0.0,1.0,123.99,130.76,123.25,129.6,1966100.0
2008-12-11,128.62,129.32,124.22,126.06,1743300.0,0.0,1.0,128.62,129.32,124.22,126.06,1743300.0
2008-12-10,124.12,129.52,123.91,128.62,1691600.0,0.0,1.0,124.12,129.52,123.91,128.62,1691600.0
2008-12-09,119.11,127.9,118.56,124.51,3183100.0,0.0,1.0,119.11,127.9,118.56,124.51,3183100.0
2008-12-08,123.9,125.07,115.26,116.5,1871700.0,0.0,1.0,123.9,125.07,115.26,116.5,1871700.0
2008-12-05,112.4,122.26,111.57,121.48,1697800.0,0.0,1.0,112.4,122.26,111.57,121.48,1697800.0
2008-12-04,113.37,119.14,112.22,114.38,1376000.0,0.0,1.0,113.37,119.14,112.22,114.38,1376000.0
2008-12-03,106.09,116.29,105.72,115.8,1614900.0,0.0,1.0,106.09,116.29,105.72,115.8,1614900.0
2008-12-02,102.0,108.47,98.67,108.36,1860200.0,0.0,1.0,102.0,108.47,98.67,108.36,1860200.0
2008-12-01,107.55,108.9,100.12,101.05,1559200.0,0.0,1.0,107.55,108.9,100.12,101.05,1559200.0
2008-11-28,108.5,110.04,107.8,109.22,546300.0,0.0,1.0,108.5,110.04,107.8,109.22,546300.0
2008-11-26,101.5,109.47,101.34,108.76,999100.0,0.0,1.0,101.5,109.47,101.34,108.76,999100.0
2008-11-25,102.2,103.42,98.14,103.16,1362400.0,0.0,1.0,102.2,103.42,98.14,103.16,1362400.0
2008-11-24,92.52,101.03,92.52,99.12,1969100.0,0.0,1.0,92.52,101.03,92.52,99.12,1969100.0
2008-11-21,90.0,92.43,84.66,92.41,3077000.0,0.0,1.0,90.0,92.43,84.66,92.41,3077000.0
2008-11-20,90.71,96.56,86.91,89.09,3208900.0,0.0,1.0,90.71,96.56,86.91,89.09,3208900.0
2008-11-19,106.07,107.01,93.1,94.25,3450200.0,0.0,1.0,106.07,107.01,93.1,94.25,3450200.0
2008-11-18,103.75,108.32,102.4,107.16,2235200.0,0.0,1.0,103.75,108.32,102.4,107.16,2235200.0
2008-11-17,106.0,108.81,104.51,104.59,1125400.0,0.0,1.0,106.0,108.81,104.51,104.59,1125400.0
2008-11-14,111.18,112.56,105.76,105.76,1179900.0,0.0,1.0,111.18,112.56,105.76,105.76,1179900.0
2008-11-13,103.98,112.76,103.3,112.68,1340400.0,0.0,1.0,103.98,112.76,103.3,112.68,1340400.0
2008-11-12,109.5,110.98,102.83,103.22,1625100.0,0.0,1.0,109.5,110.98,102.83,103.22,1625100.0
2008-11-11,114.8,115.0,111.0,111.86,710800.0,0.0,1.0,114.8,115.0,111.0,111.86,710800.0
2008-11-10,119.26,120.91,114.48,116.2,626200.0,0.0,1.0,119.26,120.91,114.48,116.2,626200.0
2008-11-07,116.19,119.11,116.19,118.94,765000.0,0.0,1.0,116.19,119.11,116.19,118.94,765000.0
2008-11-06,117.0,121.79,115.53,117.24,1175700.0,0.0,1.0,117.0,121.79,115.53,117.24,1175700.0
2008-11-05,117.8,120.25,117.0,118.01,1585300.0,0.0,1.0,117.8,120.25,117.0,118.01,1585300.0
2008-11-04,122.47,123.09,119.17,122.85,717000.0,0.0,1.0,122.47,123.09,119.17,122.85,717000.0
2008-11-03,125.75,126.14,119.88,120.73,1148400.0,0.0,1.0,125.75,126.14,119.88,120.73,1148400.0
2008-10-31,121.0,129.32,120.77,127.29,1251700.0,0.0,1.0,121.0,129.32,120.77,127.29,1251700.0
2008-10-30,120.4,126.96,120.28,122.1,1029200.0,0.0,1.0,120.4,126.96,120.28,122.1,1029200.0
2008-10-29,114.15,124.69,112.29,119.75,2024400.0,0.0,1.0,114.15,124.69,112.29,119.75,2024400.0
2008-10-28,105.05,115.14,103.98,114.2,1675700.0,0.0,1.0,105.05,115.14,103.98,114.2,1675700.0
2008-10-27,101.53,106.85,99.75,102.88,903100.0,0.0,1.0,101.53,106.85,99.75,102.88,903100.0
2008-10-24,101.05,104.41,100.27,102.7,743800.0,0.0,1.0,101.05,104.41,100.27,102.7,743800.0
2008-10-23,107.13,108.14,100.33,105.49,1273100.0,0.0,1.0,107.13,108.14,100.33,105.49,1273100.0
2008-10-22,107.25,109.81,103.04,105.96,892500.0,0.0,1.0,107.25,109.81,103.04,105.96,892500.0
2008-10-21,108.0,113.02,105.7,108.94,797200.0,0.0,1.0,108.0,113.02,105.7,108.94,797200.0
2008-10-20,105.62,108.68,104.21,108.64,729500.0,0.0,1.0,105.62,108.68,104.21,108.64,729500.0
2008-10-17,103.8,109.7,103.6,106.6,701400.0,0.0,1.0,103.8,109.7,103.6,106.6,701400.0
2008-10-16,101.03,106.0,98.85,105.56,1174000.0,0.0,1.0,101.03,106.0,98.85,105.56,1174000.0
2008-10-15,108.11,109.31,101.07,101.11,1003000.0,0.0,1.0,108.11,109.31,101.07,101.11,1003000.0
2008-10-14,110.9,111.05,104.36,108.5,1311700.0,0.0,1.0,110.9,111.05,104.36,108.5,1311700.0
2008-10-13,102.55,107.8,102.22,107.25,269900.0,0.0,1.0,102.55,107.8,102.22,107.25,269900.0
2008-10-10,95.34,103.79,93.55,99.7,1495700.0,0.0,1.0,95.34,103.79,93.55,99.7,1495700.0
2008-10-09,107.2,108.7,98.79,98.79,1241100.0,0.0,1.0,107.2,108.7,98.79,98.79,1241100.0
2008-10-08,106.11,111.47,103.67,106.95,1502400.0,0.0,1.0,106.11,111.47,103.67,106.95,1502400.0
2008-10-07,118.85,119.96,107.5,108.21,2264400.0,0.0,1.0,118.85,119.96,107.5,108.21,2264400.0
2008-10-06,115.66,120.09,114.02,119.1,1354200.0,0.0,1.0,115.66,120.09,114.02,119.1,1354200.0
2008-10-03,118.1,120.72,117.18,117.4,1101600.0,0.0,1.0,118.1,120.72,117.18,117.4,1101600.0
2008-10-02,122.07,123.47,115.43,116.99,1150300.0,0.0,1.0,122.07,123.47,115.43,116.99,1150300.0
2008-10-01,122.46,124.38,121.73,122.07,758000.0,0.0,1.0,122.46,124.38,121.73,122.07,758000.0
2008-09-30,125.85,125.85,121.46,123.34,1316500.0,0.0,1.0,125.85,125.85,121.46,123.34,1316500.0
2008-09-29,128.6,129.42,121.94,124.55,899600.0,0.0,1.0,128.6,129.42,121.94,124.55,899600.0
2008-09-26,128.76,130.44,127.04,129.35,457800.0,0.0,1.0,128.76,130.44,127.04,129.35,457800.0
2008-09-25,127.4,130.38,126.64,128.77,916900.0,0.0,1.0,127.4,130.38,126.64,128.77,916900.0
2008-09-24,127.09,129.05,125.52,125.98,647000.0,0.0,1.0,127.09,129.05,125.52,125.98,647000.0
2008-09-23,129.55,130.21,126.93,127.17,678900.0,0.0,1.0,129.55,130.21,126.93,127.17,678900.0
2008-09-22,128.0,134.14,127.69,129.06,1261200.0,0.0,1.0,128.0,134.14,127.69,129.06,1261200.0
2008-09-19,134.38,136.4,123.0,130.79,1240500.0,0.0,1.0,134.38,136.4,123.0,130.79,1240500.0
2008-09-18,129.75,130.6,120.0,128.53,1950400.0,0.0,1.0,129.75,130.6,120.0,128.53,1950400.0
2008-09-17,131.32,132.86,128.09,128.19,1226600.0,0.0,1.0,131.32,132.86,128.09,128.19,1226600.0
2008-09-16,134.76,135.31,129.6,133.63,1823700.0,0.0,1.0,134.76,135.31,129.6,133.63,1823700.0
2008-09-15,136.74,140.52,135.58,135.88,1067300.0,0.0,1.0,136.74,140.52,135.58,135.88,1067300.0
2008-09-12,136.3,138.97,135.91,138.5,840700.0,0.0,1.0,136.3,138.97,135.91,138.5,840700.0
2008-09-11,136.4,138.44,134.24,137.82,978200.0,0.0,1.0,136.4,138.44,134.24,137.82,978200.0
2008-09-10,135.02,137.78,133.77,137.0,708100.0,0.0,1.0,135.02,137.78,133.77,137.0,708100.0
2008-09-09,140.5,141.97,134.98,135.01,1154900.0,0.0,1.0,140.5,141.97,134.98,135.01,1154900.0
2008-09-08,139.13,140.7,136.2,139.98,1005800.0,0.0,1.0,139.13,140.7,136.2,139.98,1005800.0
2008-09-05,137.5,138.91,135.25,138.19,681000.0,0.0,1.0,137.5,138.91,135.25,138.19,681000.0
2008-09-04,140.79,142.36,138.31,138.38,900800.0,0.0,1.0,140.79,142.36,138.31,138.38,900800.0
2008-09-03,138.9,141.77,138.15,141.13,1078800.0,0.0,1.0,138.9,141.77,138.15,141.13,1078800.0
2008-09-02,139.24,143.8,137.51,138.31,1217500.0,0.0,1.0,139.24,143.8,137.51,138.31,1217500.0
2008-08-29,138.0,139.85,136.82,137.23,544500.0,0.0,1.0,138.0,139.85,136.82,137.23,544500.0
2008-08-28,137.57,140.51,137.19,138.73,744900.0,0.0,1.0,137.57,140.51,137.19,138.73,744900.0
2008-08-27,135.29,138.35,135.29,137.3,642000.0,0.0,1.0,135.29,138.35,135.29,137.3,642000.0
2008-08-26,132.83,136.46,132.46,136.34,595000.0,0.0,1.0,132.83,136.46,132.46,136.34,595000.0
2008-08-25,136.2,136.56,133.23,133.45,491500.0,0.0,1.0,136.2,136.56,133.23,133.45,491500.0
2008-08-22,135.0,137.29,134.66,136.72,567900.0,0.0,1.0,135.0,137.29,134.66,136.72,567900.0
2008-08-21,133.56,135.86,132.78,134.34,874900.0,0.0,1.0,133.56,135.86,132.78,134.34,874900.0
2008-08-20,136.56,137.25,133.89,135.17,736200.0,0.0,1.0,136.56,137.25,133.89,135.17,736200.0
2008-08-19,136.12,136.69,134.22,134.89,513600.0,0.0,1.0,136.12,136.69,134.22,134.89,513600.0
2008-08-18,139.5,140.0,136.64,137.21,559800.0,0.0,1.0,139.5,140.0,136.64,137.21,559800.0
2008-08-15,135.25,138.92,135.25,138.59,618700.0,0.0,1.0,135.25,138.92,135.25,138.59,618700.0
2008-08-14,133.99,137.49,132.61,136.06,857400.0,0.0,1.0,133.99,137.49,132.61,136.06,857400.0
2008-08-13,136.06,136.17,131.31,134.3,938600.0,0.0,1.0,136.06,136.17,131.31,134.3,938600.0
2008-08-12,138.74,139.17,136.0,136.61,685400.0,0.0,1.0,138.74,139.17,136.0,136.61,685400.0
2008-08-11,138.01,142.49,137.25,138.96,1004700.0,0.0,1.0,138.01,142.49,137.25,138.96,1004700.0
2008-08-08,133.26,138.97,133.26,138.35,968000.0,0.0,1.0,133.26,138.97,133.26,138.35,968000.0
2008-08-07,132.55,134.96,132.1,133.93,1078100.0,0.0,1.0,132.55,134.96,132.1,133.93,1078100.0
2008-08-06,135.23,135.23,131.46,134.0,1174400.0,0.0,1.0,135.23,135.23,131.46,134.0,1174400.0
2008-08-05,131.9,136.34,131.9,136.05,1098100.0,0.0,1.0,131.9,136.34,131.9,136.05,1098100.0
2008-08-04,131.01,131.67,129.43,130.47,639100.0,0.0,1.0,131.01,131.67,129.43,130.47,639100.0
2008-08-01,130.38,132.72,129.18,131.33,677600.0,0.0,1.0,130.38,132.72,129.18,131.33,677600.0
2008-07-31,129.91,133.66,129.42,130.29,750000.0,0.0,1.0,129.91,133.66,129.42,130.29,750000.0
2008-07-30,130.91,133.16,128.72,131.25,767400.0,0.0,1.0,130.91,133.16,128.72,131.25,767400.0
2008-07-29,126.65,131.56,126.52,131.03,719200.0,0.0,1.0,126.65,131.56,126.52,131.03,719200.0
2008-07-28,126.7,128.28,124.49,126.71,696500.0,0.0,1.0,126.7,128.28,124.49,126.71,696500.0
2008-07-25,130.16,130.83,127.51,127.87,769400.0,0.0,1.0,130.16,130.83,127.51,127.87,769400.0
2008-07-24,130.76,131.97,128.8,129.0,844700.0,0.0,1.0,130.76,131.97,128.8,129.0,844700.0
2008-07-23,127.85,133.59,127.62,130.58,1441000.0,0.0,1.0,127.85,133.59,127.62,130.58,1441000.0
2008-07-22,123.93,129.59,123.6,128.22,1077100.0,0.0,1.0,123.93,129.59,123.6,128.22,1077100.0
2008-07-21,125.5,126.97,123.63,124.52,779700.0,0.0,1.0,125.5,126.97,123.63,124.52,779700.0
2008-07-18,126.58,126.58,123.61,126.01,1116800.0,0.0,1.0,126.58,126.58,123.61,126.01,1116800.0
2008-07-17,120.4,125.59,119.01,124.9,1302700.0,0.0,1.0,120.4,125.59,119.01,124.9,1302700.0
2008-07-16,115.1,120.44,115.1,119.93,1020900.0,0.0,1.0,115.1,120.44,115.1,119.93,1020900.0
2008-07-15,117.04,117.2,112.78,115.14,1351900.0,0.0,1.0,117.04,117.2,112.78,115.14,1351900.0
2008-07-14,119.29,120.13,116.62,117.52,669900.0,0.0,1.0,119.29,120.13,116.62,117.52,669900.0
2008-07-11,118.53,120.15,116.11,117.68,1088400.0,0.0,1.0,118.53,120.15,116.11,117.68,1088400.0
2008-07-10,121.1,123.73,119.59,120.15,905400.0,0.0,1.0,121.1,123.73,119.59,120.15,905400.0
2008-07-09,122.0,123.04,120.84,121.33,941900.0,0.0,1.0,122.0,123.04,120.84,121.33,941900.0
2008-07-08,119.8,122.44,118.72,122.27,1143300.0,0.0,1.0,119.8,122.44,118.72,122.27,1143300.0
2008-07-07,120.84,121.85,118.0,119.41,929800.0,0.0,1.0,120.84,121.85,118.0,119.41,929800.0
2008-07-03,119.2,121.77,118.66,120.18,695600.0,0.0,1.0,119.2,121.77,118.66,120.18,695600.0
2008-07-02,122.24,122.34,118.45,118.45,1078200.0,0.0,1.0,122.24,122.34,118.45,118.45,1078200.0
2008-07-01,118.69,122.16,118.01,121.69,1142600.0,0.0,1.0,118.69,122.16,118.01,121.69,1142600.0
2008-06-30,121.7,124.51,120.37,121.01,1664100.0,0.0,1.0,121.7,124.51,120.37,121.01,1664100.0
2008-06-27,115.28,121.41,115.28,120.13,3454000.0,0.0,1.0,115.28,121.41,115.28,120.13,3454000.0
2008-06-26,112.65,116.91,110.99,114.67,1921100.0,0.0,1.0,112.65,116.91,110.99,114.67,1921100.0
2008-06-25,112.15,115.65,111.29,111.82,1344700.0,0.0,1.0,112.15,115.65,111.29,111.82,1344700.0
2008-06-24,111.51,114.09,110.39,111.9,1095300.0,0.0,1.0,111.51,114.09,110.39,111.9,1095300.0
2008-06-23,115.4,115.8,111.57,112.23,690900.0,0.0,1.0,115.4,115.8,111.57,112.23,690900.0
2008-06-20,118.22,118.22,114.35,115.0,646300.0,0.0,1.0,118.22,118.22,114.35,115.0,646300.0
2008-06-19,118.06,119.16,117.21,118.82,725200.0,0.0,1.0,118.06,119.16,117.21,118.82,725200.0
2008-06-18,119.07,119.31,117.03,117.76,763300.0,0.0,1.0,119.07,119.31,117.03,117.76,763300.0
2008-06-17,120.6,120.8,119.35,120.33,673500.0,0.0,1.0,120.6,120.8,119.35,120.33,673500.0
2008-06-16,118.62,121.01,118.42,120.37,663500.0,0.0,1.0,118.62,121.01,118.42,120.37,663500.0
2008-06-13,118.89,120.38,118.3,119.52,474800.0,0.0,1.0,118.89,120.38,118.3,119.52,474800.0
2008-06-12,118.8,120.89,117.52,118.3,496400.0,0.0,1.0,118.8,120.89,117.52,118.3,496400.0
2008-06-11,120.5,121.3,117.98,118.14,513700.0,0.0,1.0,120.5,121.3,117.98,118.14,513700.0
2008-06-10,120.15,123.13,119.68,121.29,714600.0,0.0,1.0,120.15,123.13,119.68,121.29,714600.0
2008-06-09,122.15,123.36,120.46,121.45,559500.0,0.0,1.0,122.15,123.36,120.46,121.45,559500.0
2008-06-06,124.79,125.1,120.94,121.74,775800.0,0.0,1.0,124.79,125.1,120.94,121.74,775800.0
2008-06-05,127.51,127.9,125.14,126.09,744000.0,0.0,1.0,127.51,127.9,125.14,126.09,744000.0
2008-06-04,127.27,127.46,124.65,125.75,740800.0,0.0,1.0,127.27,127.46,124.65,125.75,740800.0
2008-06-03,128.19,128.19,125.75,127.39,861300.0,0.0,1.0,128.19,128.19,125.75,127.39,861300.0
2008-06-02,126.25,127.81,125.87,127.39,633200.0,0.0,1.0,126.25,127.81,125.87,127.39,633200.0
2008-05-30,127.44,127.7,126.2,126.56,362600.0,0.0,1.0,127.44,127.7,126.2,126.56,362600.0
2008-05-29,127.46,128.93,127.13,127.77,728500.0,0.0,1.0,127.46,128.93,127.13,127.77,728500.0
2008-05-28,128.0,128.37,125.8,127.02,489500.0,0.0,1.0,128.0,128.37,125.8,127.02,489500.0
2008-05-27,126.65,129.5,125.81,127.23,1141800.0,0.0,1.0,126.65,129.5,125.81,127.23,1141800.0
2008-05-23,128.2,128.65,126.66,127.28,556200.0,0.0,1.0,128.2,128.65,126.66,127.28,556200.0
2008-05-22,125.06,129.75,125.06,128.44,753000.0,0.0,1.0,125.06,129.75,125.06,128.44,753000.0
2008-05-21,127.58,129.5,125.02,125.67,954500.0,0.0,1.0,127.58,129.5,125.02,125.67,954500.0
2008-05-20,129.0,130.79,125.67,126.99,1028700.0,0.0,1.0,129.0,130.79,125.67,126.99,1028700.0
2008-05-19,127.02,129.5,126.56,127.8,784400.0,0.0,1.0,127.02,129.5,126.56,127.8,784400.0
2008-05-16,127.0,128.01,124.47,127.21,838700.0,0.0,1.0,127.0,128.01,124.47,127.21,838700.0
2008-05-15,127.57,128.9,125.44,128.35,663600.0,0.0,1.0,127.57,128.9,125.44,128.35,663600.0
2008-05-14,127.72,128.43,126.67,126.83,512600.0,0.0,1.0,127.72,128.43,126.67,126.83,512600.0
2008-05-13,126.53,127.23,124.43,126.67,479300.0,0.0,1.0,126.53,127.23,124.43,126.67,479300.0
2008-05-12,122.62,126.02,122.5,125.77,386000.0,0.0,1.0,122.62,126.02,122.5,125.77,386000.0
2008-05-09,121.59,124.39,121.35,122.44,546800.0,0.0,1.0,121.59,124.39,121.35,122.44,546800.0
2008-05-08,125.63,127.54,122.04,122.76,1016600.0,0.0,1.0,125.63,127.54,122.04,122.76,1016600.0
2008-05-07,124.28,126.54,123.48,124.19,667400.0,0.0,1.0,124.28,126.54,123.48,124.19,667400.0
2008-05-06,121.01,125.46,121.01,124.61,867600.0,0.0,1.0,121.01,125.46,121.01,124.61,867600.0
2008-05-05,124.0,124.33,121.7,122.85,570700.0,0.0,1.0,124.0,124.33,121.7,122.85,570700.0
2008-05-02,126.6,126.8,123.01,123.9,453900.0,0.0,1.0,126.6,126.8,123.01,123.9,453900.0
2008-05-01,121.35,126.85,120.91,125.95,566000.0,0.0,1.0,121.35,126.85,120.91,125.95,566000.0
2008-04-30,125.49,125.6,120.75,120.75,774500.0,0.0,1.0,125.49,125.6,120.75,120.75,774500.0
2008-04-29,123.74,125.69,123.55,125.36,636300.0,0.0,1.0,123.74,125.69,123.55,125.36,636300.0
2008-04-28,123.71,124.58,122.35,123.65,514900.0,0.0,1.0,123.71,124.58,122.35,123.65,514900.0
2008-04-25,122.2,124.31,122.0,123.85,765500.0,0.0,1.0,122.2,124.31,122.0,123.85,765500.0
2008-04-24,119.2,122.72,119.2,121.48,568800.0,0.0,1.0,119.2,122.72,119.2,121.48,568800.0
2008-04-23,118.5,125.22,117.86,119.19,656200.0,0.0,1.0,118.5,125.22,117.86,119.19,656200.0
2008-04-22,122.37,122.37,118.41,119.52,385200.0,0.0,1.0,122.37,122.37,118.41,119.52,385200.0
2008-04-21,121.7,122.78,120.85,122.25,282700.0,0.0,1.0,121.7,122.78,120.85,122.25,282700.0
2008-04-18,123.15,125.0,121.97,122.42,613200.0,0.0,1.0,123.15,125.0,121.97,122.42,613200.0
2008-04-17,119.8,121.77,119.19,121.36,637800.0,0.0,1.0,119.8,121.77,119.19,121.36,637800.0
2008-04-16,119.09,120.7,118.54,120.46,645700.0,0.0,1.0,119.09,120.7,118.54,120.46,645700.0
2008-04-15,117.39,119.0,116.75,118.3,638000.0,0.0,1.0,117.39,119.0,116.75,118.3,638000.0
2008-04-14,116.9,118.82,116.9,117.13,800300.0,0.0,1.0,116.9,118.82,116.9,117.13,800300.0
2008-04-11,116.18,118.05,116.0,116.96,727300.0,0.0,1.0,116.18,118.05,116.0,116.96,727300.0
2008-04-10,113.83,117.3,113.65,116.61,710000.0,0.0,1.0,113.83,117.3,113.65,116.61,710000.0
2008-04-09,116.17,116.37,113.68,114.44,652000.0,0.0,1.0,116.17,116.37,113.68,114.44,652000.0
2008-04-08,115.1,116.42,114.67,115.94,517800.0,0.0,1.0,115.1,116.42,114.67,115.94,517800.0
2008-04-07,117.95,118.12,115.63,115.76,514100.0,0.0,1.0,117.95,118.12,115.63,115.76,514100.0
2008-04-04,117.71,119.02,116.16,116.98,352100.0,0.0,1.0,117.71,119.02,116.16,116.98,352100.0
2008-04-03,116.95,118.85,116.26,117.78,374900.0,0.0,1.0,116.95,118.85,116.26,117.78,374900.0
2008-04-02,119.09,120.25,117.35,118.21,545400.0,0.0,1.0,119.09,120.25,117.35,118.21,545400.0
2008-04-01,117.23,119.61,115.21,119.55,607700.0,0.0,1.0,117.23,119.61,115.21,119.55,607700.0
2008-03-31,113.31,115.45,112.56,113.83,569800.0,0.0,1.0,113.31,115.45,112.56,113.83,569800.0
2008-03-28,115.11,115.3,112.87,113.25,454900.0,0.0,1.0,115.11,115.3,112.87,113.25,454900.0
2008-03-27,118.21,118.47,115.07,115.16,484800.0,0.0,1.0,118.21,118.47,115.07,115.16,484800.0
2008-03-26,119.59,119.7,117.56,117.92,473700.0,0.0,1.0,119.59,119.7,117.56,117.92,473700.0
2008-03-25,119.77,120.81,118.27,119.88,438900.0,0.0,1.0,119.77,120.81,118.27,119.88,438900.0
2008-03-24,116.55,121.6,116.55,119.75,595000.0,0.0,1.0,116.55,121.6,116.55,119.75,595000.0
2008-03-20,113.16,117.08,112.96,116.64,1198100.0,0.0,1.0,113.16,117.08,112.96,116.64,1198100.0
2008-03-19,114.75,115.89,112.69,112.69,788800.0,0.0,1.0,114.75,115.89,112.69,112.69,788800.0
2008-03-18,111.41,114.39,111.37,113.88,1555800.0,0.0,1.0,111.41,114.39,111.37,113.88,1555800.0
2008-03-17,111.52,113.45,108.89,110.86,867500.0,0.0,1.0,111.52,113.45,108.89,110.86,867500.0
2008-03-14,115.15,115.15,110.26,113.61,1098000.0,0.0,1.0,115.15,115.15,110.26,113.61,1098000.0
2008-03-13,110.5,115.81,109.9,115.18,739200.0,0.0,1.0,110.5,115.81,109.9,115.18,739200.0
2008-03-12,115.05,116.56,111.48,111.57,695900.0,0.0,1.0,115.05,116.56,111.48,111.57,695900.0
2008-03-11,113.3,114.96,112.06,114.84,736800.0,0.0,1.0,113.3,114.96,112.06,114.84,736800.0
2008-03-10,112.71,113.07,109.97,110.23,523800.0,0.0,1.0,112.71,113.07,109.97,110.23,523800.0
2008-03-07,112.8,115.7,112.0,112.83,721200.0,0.0,1.0,112.8,115.7,112.0,112.83,721200.0
2008-03-06,116.76,116.95,113.53,113.67,613900.0,0.0,1.0,116.76,116.95,113.53,113.67,613900.0
2008-03-05,117.5,119.81,116.17,117.26,641300.0,0.0,1.0,117.5,119.81,116.17,117.26,641300.0
2008-03-04,117.0,117.2,114.78,116.78,707400.0,0.0,1.0,117.0,117.2,114.78,116.78,707400.0
2008-03-03,115.35,118.4,113.23,117.72,714300.0,0.0,1.0,115.35,118.4,113.23,117.72,714300.0
2008-02-29,118.18,119.4,114.63,115.08,661300.0,0.0,1.0,118.18,119.4,114.63,115.08,661300.0
2008-02-28,120.79,121.78,119.26,119.73,580100.0,0.0,1.0,120.79,121.78,119.26,119.73,580100.0
2008-02-27,123.93,125.69,121.4,122.25,953100.0,0.0,1.0,123.93,125.69,121.4,122.25,953100.0
2008-02-26,118.78,126.0,118.25,124.93,1857000.0,0.0,1.0,118.78,126.0,118.25,124.93,1857000.0
2008-02-25,116.05,118.56,113.25,117.37,1021400.0,0.0,1.0,116.05,118.56,113.25,117.37,1021400.0
2008-02-22,114.0,115.31,112.5,115.31,612600.0,0.0,1.0,114.0,115.31,112.5,115.31,612600.0
2008-02-21,117.51,117.71,113.58,113.65,593300.0,0.0,1.0,117.51,117.71,113.58,113.65,593300.0
2008-02-20,112.33,118.24,112.03,117.08,801500.0,0.0,1.0,112.33,118.24,112.03,117.08,801500.0
2008-02-19,114.79,115.47,112.5,113.37,847500.0,0.0,1.0,114.79,115.47,112.5,113.37,847500.0
2008-02-15,112.28,113.64,111.28,113.62,631300.0,0.0,1.0,112.28,113.64,111.28,113.62,631300.0
2008-02-14,114.75,115.5,111.77,113.12,846800.0,0.0,1.0,114.75,115.5,111.77,113.12,846800.0
2008-02-13,116.64,118.3,114.79,116.26,543000.0,0.0,1.0,116.64,118.3,114.79,116.26,543000.0
2008-02-12,117.89,118.79,115.06,116.25,565800.0,0.0,1.0,117.89,118.79,115.06,116.25,565800.0
2008-02-11,115.81,117.61,113.85,117.59,561900.0,0.0,1.0,115.81,117.61,113.85,117.59,561900.0
2008-02-08,116.19,118.16,114.41,115.62,659000.0,0.0,1.0,116.19,118.16,114.41,115.62,659000.0
2008-02-07,112.72,118.0,111.31,116.6,924200.0,0.0,1.0,112.72,118.0,111.31,116.6,924200.0
2008-02-06,115.44,118.36,114.0,114.0,715500.0,0.0,1.0,115.44,118.36,114.0,114.0,715500.0
2008-02-05,117.64,118.31,114.58,114.8,736300.0,0.0,1.0,117.64,118.31,114.58,114.8,736300.0
2008-02-04,121.2,121.4,116.83,117.6,752100.0,0.0,1.0,121.2,121.4,116.83,117.6,752100.0
2008-02-01,120.38,121.85,118.7,121.59,921700.0,0.0,1.0,120.38,121.85,118.7,121.59,921700.0
2008-01-31,115.06,122.74,114.86,120.65,949500.0,0.0,1.0,115.06,122.74,114.86,120.65,949500.0
2008-01-30,117.65,119.58,115.18,116.09,820000.0,0.0,1.0,117.65,119.58,115.18,116.09,820000.0
2008-01-29,119.19,119.86,115.82,118.43,681500.0,0.0,1.0,119.19,119.86,115.82,118.43,681500.0
2008-01-28,111.84,118.75,111.04,118.68,1182300.0,0.0,1.0,111.84,118.75,111.04,118.68,1182300.0
2008-01-25,115.0,116.0,111.02,112.03,701200.0,0.0,1.0,115.0,116.0,111.02,112.03,701200.0
2008-01-24,117.07,117.07,112.1,114.34,834000.0,0.0,1.0,117.07,117.07,112.1,114.34,834000.0
2008-01-23,108.5,114.8,107.65,114.58,1340600.0,0.0,1.0,108.5,114.8,107.65,114.58,1340600.0
2008-01-22,104.18,111.51,103.07,110.49,1369500.0,0.0,1.0,104.18,111.51,103.07,110.49,1369500.0
2008-01-18,104.39,107.85,104.39,106.06,1217500.0,0.0,1.0,104.39,107.85,104.39,106.06,1217500.0
2008-01-17,107.0,107.07,103.6,103.88,914000.0,0.0,1.0,107.0,107.07,103.6,103.88,914000.0
2008-01-16,103.3,108.39,103.3,107.14,919300.0,0.0,1.0,103.3,108.39,103.3,107.14,919300.0
2008-01-15,106.03,106.49,103.35,104.07,941700.0,0.0,1.0,106.03,106.49,103.35,104.07,941700.0
2008-01-14,106.89,108.11,106.3,107.03,644600.0,0.0,1.0,106.89,108.11,106.3,107.03,644600.0
2008-01-11,108.49,108.8,105.95,106.09,1020100.0,0.0,1.0,108.49,108.8,105.95,106.09,1020100.0
2008-01-10,107.1,110.46,105.26,109.71,1240700.0,0.0,1.0,107.1,110.46,105.26,109.71,1240700.0
2008-01-09,108.34,108.9,104.89,107.94,1292200.0,0.0,1.0,108.34,108.9,104.89,107.94,1292200.0
2008-01-08,113.6,113.93,108.15,108.38,932500.0,0.0,1.0,113.6,113.93,108.15,108.38,932500.0
2008-01-07,111.45,113.6,109.87,112.65,950800.0,0.0,1.0,111.45,113.6,109.87,112.65,950800.0
2008-01-04,112.87,112.9,110.24,110.58,978700.0,0.0,1.0,112.87,112.9,110.24,110.58,978700.0
2008-01-03,116.63,116.93,113.3,113.72,775900.0,0.0,1.0,116.63,116.93,113.3,113.72,775900.0
2008-01-02,120.1,120.1,115.64,116.21,932900.0,0.0,1.0,120.1,120.1,115.64,116.21,932900.0
2007-12-31,117.93,120.36,117.93,119.91,581200.0,0.0,1.0,117.93,120.36,117.93,119.91,581200.0
2007-12-28,121.45,121.5,118.36,118.85,441600.0,0.0,1.0,121.45,121.5,118.36,118.85,441600.0
2007-12-27,121.26,121.99,120.12,120.28,362000.0,0.0,1.0,121.26,121.99,120.12,120.28,362000.0
2007-12-26,123.5,123.53,120.58,121.7,336800.0,0.0,1.0,123.5,123.53,120.58,121.7,336800.0
2007-12-24,122.39,124.14,121.83,124.02,144700.0,0.0,1.0,122.39,124.14,121.83,124.02,144700.0
2007-12-21,124.25,124.45,121.6,122.39,654900.0,0.0,1.0,124.25,124.45,121.6,122.39,654900.0
2007-12-20,123.07,124.28,121.15,122.9,568100.0,0.0,1.0,123.07,124.28,121.15,122.9,568100.0
2007-12-19,120.56,123.12,119.5,123.0,975200.0,0.0,1.0,120.56,123.12,119.5,123.0,975200.0
2007-12-18,120.52,122.25,119.02,120.3,639300.0,0.0,1.0,120.52,122.25,119.02,120.3,639300.0
2007-12-17,119.75,121.63,119.75,119.89,802900.0,0.0,1.0,119.75,121.63,119.75,119.89,802900.0
2007-12-14,120.74,122.67,119.75,120.07,996500.0,0.0,1.0,120.74,122.67,119.75,120.07,996500.0
2007-12-13,123.33,124.59,120.38,120.58,1370900.0,0.0,1.0,123.33,124.59,120.38,120.58,1370900.0
2007-12-12,130.62,130.62,123.55,124.19,1183500.0,0.0,1.0,130.62,130.62,123.55,124.19,1183500.0
2007-12-11,130.52,132.38,126.92,127.5,1532800.0,0.0,1.0,130.52,132.38,126.92,127.5,1532800.0
2007-12-10,129.97,132.44,129.3,132.17,761100.0,0.0,1.0,129.97,132.44,129.3,132.17,761100.0
2007-12-07,129.59,130.97,128.6,129.87,745800.0,0.0,1.0,129.59,130.97,128.6,129.87,745800.0
2007-12-06,125.67,128.43,125.67,128.19,826500.0,0.0,1.0,125.67,128.43,125.67,128.19,826500.0
2007-12-05,129.73,130.26,124.5,126.22,1742700.0,0.0,1.0,129.73,130.26,124.5,126.22,1742700.0
2007-12-04,116.62,128.8,116.62,128.8,4186500.0,0.0,1.0,116.62,128.8,116.62,128.8,4186500.0
2007-12-03,111.25,111.51,107.52,107.87,910900.0,0.0,1.0,111.25,111.51,107.52,107.87,910900.0
2007-11-30,111.2,113.16,110.92,111.63,2163000.0,0.0,1.0,111.2,113.16,110.92,111.63,2163000.0
2007-11-29,108.2,110.7,107.63,109.38,755600.0,0.0,1.0,108.2,110.7,107.63,109.38,755600.0
2007-11-28,105.63,109.29,105.24,108.77,759200.0,0.0,1.0,105.63,109.29,105.24,108.77,759200.0
2007-11-27,103.4,106.09,103.4,105.03,801300.0,0.0,1.0,103.4,106.09,103.4,105.03,801300.0
2007-11-26,107.03,107.03,103.43,103.43,635200.0,0.0,1.0,107.03,107.03,103.43,103.43,635200.0
2007-11-23,106.42,107.55,105.75,107.24,257200.0,0.0,1.0,106.42,107.55,105.75,107.24,257200.0
2007-11-21,104.92,106.28,104.53,105.41,780000.0,0.0,1.0,104.92,106.28,104.53,105.41,780000.0
2007-11-20,108.8,109.28,104.69,106.0,1554700.0,0.0,1.0,108.8,109.28,104.69,106.0,1554700.0
2007-11-19,110.76,111.79,108.34,108.43,985500.0,0.0,1.0,110.76,111.79,108.34,108.43,985500.0
2007-11-16,114.0,114.92,110.79,111.64,1108600.0,0.0,1.0,114.0,114.92,110.79,111.64,1108600.0
2007-11-15,114.52,115.87,113.5,113.97,827200.0,0.0,1.0,114.52,115.87,113.5,113.97,827200.0
2007-11-14,118.06,118.39,114.55,114.75,671500.0,0.0,1.0,118.06,118.39,114.55,114.75,671500.0
2007-11-13,115.2,118.1,114.71,117.75,506400.0,0.0,1.0,115.2,118.1,114.71,117.75,506400.0
2007-11-12,113.25,117.04,113.25,114.61,526800.0,0.0,1.0,113.25,117.04,113.25,114.61,526800.0
2007-11-09,116.3,116.3,113.63,113.68,908500.0,0.0,1.0,116.3,116.3,113.63,113.68,908500.0
2007-11-08,118.16,118.99,115.04,117.67,796200.0,0.0,1.0,118.16,118.99,115.04,117.67,796200.0
2007-11-07,119.9,121.15,118.92,118.92,528200.0,0.0,1.0,119.9,121.15,118.92,118.92,528200.0
2007-11-06,118.85,121.37,118.49,121.18,740300.0,0.0,1.0,118.85,121.37,118.49,121.18,740300.0
2007-11-05,120.89,120.89,118.02,118.88,694200.0,0.0,1.0,120.89,120.89,118.02,118.88,694200.0
2007-11-02,121.82,122.0,119.96,121.15,570000.0,0.0,1.0,121.82,122.0,119.96,121.15,570000.0
2007-11-01,123.0,123.65,121.37,121.66,745700.0,0.0,1.0,123.0,123.65,121.37,121.66,745700.0
2007-10-31,124.2,125.75,122.73,124.41,661100.0,0.0,1.0,124.2,125.75,122.73,124.41,661100.0
2007-10-30,123.27,124.25,123.02,123.64,367800.0,0.0,1.0,123.27,124.25,123.02,123.64,367800.0
2007-10-29,123.74,125.0,123.24,123.6,454000.0,0.0,1.0,123.74,125.0,123.24,123.6,454000.0
2007-10-26,124.1,124.23,121.61,123.08,583800.0,0.0,1.0,124.1,124.23,121.61,123.08,583800.0
2007-10-25,122.03,124.77,121.0,122.5,912900.0,0.0,1.0,122.03,124.77,121.0,122.5,912900.0
2007-10-24,119.0,122.49,118.8,122.01,1059700.0,0.0,1.0,119.0,122.49,118.8,122.01,1059700.0
2007-10-23,120.6,120.97,118.67,119.66,653300.0,0.0,1.0,120.6,120.97,118.67,119.66,653300.0
2007-10-22,117.0,120.59,117.0,120.16,680100.0,0.0,1.0,117.0,120.59,117.0,120.16,680100.0
2007-10-19,121.29,121.29,118.54,118.67,1000800.0,0.0,1.0,121.29,121.29,118.54,118.67,1000800.0
2007-10-18,120.7,121.95,119.41,121.29,933300.0,0.0,1.0,120.7,121.95,119.41,121.29,933300.0
2007-10-17,121.65,121.93,119.69,121.0,1095200.0,0.0,1.0,121.65,121.93,119.69,121.0,1095200.0
2007-10-16,122.02,122.98,120.3,120.99,709600.0,0.0,1.0,122.02,122.98,120.3,120.99,709600.0
2007-10-15,123.88,124.68,121.69,122.14,658000.0,0.0,1.0,123.88,124.68,121.69,122.14,658000.0
2007-10-12,123.83,125.0,122.82,123.7,486300.0,0.0,1.0,123.83,125.0,122.82,123.7,486300.0
2007-10-11,123.95,124.68,122.38,123.34,690900.0,0.0,1.0,123.95,124.68,122.38,123.34,690900.0
2007-10-10,122.77,123.5,121.66,123.31,714600.0,0.0,1.0,122.77,123.5,121.66,123.31,714600.0
2007-10-09,123.7,123.9,121.82,122.97,735600.0,0.0,1.0,123.7,123.9,121.82,122.97,735600.0
2007-10-08,124.8,125.17,122.66,123.37,782100.0,0.0,1.0,124.8,125.17,122.66,123.37,782100.0
2007-10-05,121.85,125.54,121.67,124.59,807300.0,0.0,1.0,121.85,125.54,121.67,124.59,807300.0
2007-10-04,122.02,122.23,119.77,120.5,662600.0,0.0,1.0,122.02,122.23,119.77,120.5,662600.0
2007-10-03,118.65,122.29,118.65,121.85,1183600.0,0.0,1.0,118.65,122.29,118.65,121.85,1183600.0
2007-10-02,116.9,119.89,116.63,119.31,1239700.0,0.0,1.0,116.9,119.89,116.63,119.31,1239700.0
2007-10-01,115.9,117.21,115.69,116.52,1023600.0,0.0,1.0,115.9,117.21,115.69,116.52,1023600.0
2007-09-28,115.8,116.19,115.03,116.14,766200.0,0.0,1.0,115.8,116.19,115.03,116.14,766200.0
2007-09-27,114.79,116.0,114.65,115.44,710800.0,0.0,1.0,114.79,116.0,114.65,115.44,710800.0
2007-09-26,114.06,115.1,113.14,114.47,673500.0,0.0,1.0,114.06,115.1,113.14,114.47,673500.0
2007-09-25,114.8,114.84,112.01,113.75,747900.0,0.0,1.0,114.8,114.84,112.01,113.75,747900.0
2007-09-24,113.51,115.79,113.51,115.38,693800.0,0.0,1.0,113.51,115.79,113.51,115.38,693800.0
2007-09-21,113.97,114.22,112.44,113.91,908700.0,0.0,1.0,113.97,114.22,112.44,113.91,908700.0
2007-09-20,114.85,115.72,112.79,114.03,787300.0,0.0,1.0,114.85,115.72,112.79,114.03,787300.0
2007-09-19,115.65,117.09,112.98,114.54,1037700.0,0.0,1.0,115.65,117.09,112.98,114.54,1037700.0
2007-09-18,107.1,113.67,107.1,113.12,1790200.0,0.0,1.0,107.1,113.67,107.1,113.12,1790200.0
2007-09-17,109.25,109.88,107.8,108.62,781600.0,0.0,1.0,109.25,109.88,107.8,108.62,781600.0
2007-09-14,108.52,111.05,107.6,109.9,772900.0,0.0,1.0,108.52,111.05,107.6,109.9,772900.0
2007-09-13,108.45,110.61,108.36,109.12,1004600.0,0.0,1.0,108.45,110.61,108.36,109.12,1004600.0
2007-09-12,110.5,110.93,108.07,108.36,1141900.0,0.0,1.0,110.5,110.93,108.07,108.36,1141900.0
2007-09-11,110.43,111.35,110.07,110.85,852600.0,0.0,1.0,110.43,111.35,110.07,110.85,852600.0
2007-09-10,112.0,112.39,109.03,110.48,1133300.0,0.0,1.0,112.0,112.39,109.03,110.48,1133300.0
2007-09-07,113.3,113.52,111.37,111.49,1013100.0,0.0,1.0,113.3,113.52,111.37,111.49,1013100.0
2007-09-06,115.05,115.5,112.97,114.69,841800.0,0.0,1.0,115.05,115.5,112.97,114.69,841800.0
2007-09-05,117.85,117.97,114.21,114.57,1391100.0,0.0,1.0,117.85,117.97,114.21,114.57,1391100.0
2007-09-04,121.19,121.21,118.69,118.97,833500.0,0.0,1.0,121.19,121.21,118.69,118.97,833500.0
2007-08-31,121.75,122.42,119.77,121.29,563200.0,0.0,1.0,121.75,122.42,119.77,121.29,563200.0
2007-08-30,119.7,121.18,119.38,120.23,412600.0,0.0,1.0,119.7,121.18,119.38,120.23,412600.0
2007-08-29,117.8,121.35,116.86,121.35,1068900.0,0.0,1.0,117.8,121.35,116.86,121.35,1068900.0
2007-08-28,120.5,120.6,115.59,115.6,789800.0,0.0,1.0,120.5,120.6,115.59,115.6,789800.0
2007-08-27,123.23,124.04,120.95,121.1,433100.0,0.0,1.0,123.23,124.04,120.95,121.1,433100.0
2007-08-24,120.5,123.26,120.27,123.26,365800.0,0.0,1.0,120.5,123.26,120.27,123.26,365800.0
2007-08-23,123.4,123.52,120.2,120.7,464700.0,0.0,1.0,123.4,123.52,120.2,120.7,464700.0
2007-08-22,121.2,123.14,120.43,122.76,607800.0,0.0,1.0,121.2,123.14,120.43,122.76,607800.0
2007-08-21,118.8,120.5,117.85,119.8,428900.0,0.0,1.0,118.8,120.5,117.85,119.8,428900.0
2007-08-20,118.35,120.37,117.5,118.75,709200.0,0.0,1.0,118.35,120.37,117.5,118.75,709200.0
2007-08-17,116.03,118.72,115.35,118.17,1024300.0,0.0,1.0,116.03,118.72,115.35,118.17,1024300.0
2007-08-16,114.0,114.66,111.46,113.16,1464400.0,0.0,1.0,114.0,114.66,111.46,113.16,1464400.0
2007-08-15,115.94,117.1,114.11,114.17,731400.0,0.0,1.0,115.94,117.1,114.11,114.17,731400.0
2007-08-14,118.36,119.25,115.63,115.68,614300.0,0.0,1.0,118.36,119.25,115.63,115.68,614300.0
2007-08-13,116.65,120.71,116.46,118.81,817700.0,0.0,1.0,116.65,120.71,116.46,118.81,817700.0
2007-08-10,115.52,117.35,111.78,115.88,1288500.0,0.0,1.0,115.52,117.35,111.78,115.88,1288500.0
2007-08-09,119.86,120.55,116.21,116.69,1791900.0,0.0,1.0,119.86,120.55,116.21,116.69,1791900.0
2007-08-08,124.11,125.96,121.15,122.28,1128300.0,0.0,1.0,124.11,125.96,121.15,122.28,1128300.0
2007-08-07,123.7,124.81,121.53,123.74,1061900.0,0.0,1.0,123.7,124.81,121.53,123.74,1061900.0
2007-08-06,122.55,124.37,121.0,124.37,781200.0,0.0,1.0,122.55,124.37,121.0,124.37,781200.0
2007-08-03,127.3,127.8,121.86,122.04,1017100.0,0.0,1.0,127.3,127.8,121.86,122.04,1017100.0
2007-08-02,126.2,128.23,126.2,127.88,722400.0,0.0,1.0,126.2,128.23,126.2,127.88,722400.0
2007-08-01,127.05,127.79,124.29,126.31,887600.0,0.0,1.0,127.05,127.79,124.29,126.31,887600.0
2007-07-31,129.92,130.12,126.81,126.81,788100.0,0.0,1.0,129.92,130.12,126.81,126.81,788100.0
2007-07-30,127.3,129.86,125.56,129.39,1087300.0,0.0,1.0,127.3,129.86,125.56,129.39,1087300.0
2007-07-27,128.1,129.41,127.35,127.45,1098100.0,0.0,1.0,128.1,129.41,127.35,127.45,1098100.0
2007-07-26,128.5,128.95,125.3,127.23,845100.0,0.0,1.0,128.5,128.95,125.3,127.23,845100.0
2007-07-25,131.36,131.42,128.2,129.05,953700.0,0.0,1.0,131.36,131.42,128.2,129.05,953700.0
2007-07-24,132.95,133.25,131.22,131.31,702300.0,0.0,1.0,132.95,133.25,131.22,131.31,702300.0
2007-07-23,134.6,134.87,133.15,133.61,405400.0,0.0,1.0,134.6,134.87,133.15,133.61,405400.0
2007-07-20,135.8,135.8,133.46,133.72,718100.0,0.0,1.0,135.8,135.8,133.46,133.72,718100.0
2007-07-19,134.95,135.84,134.5,135.66,427700.0,0.0,1.0,134.95,135.84,134.5,135.66,427700.0
2007-07-18,134.45,135.22,132.99,134.43,675600.0,0.0,1.0,134.45,135.22,132.99,134.43,675600.0
2007-07-17,134.95,135.63,134.31,135.6,440800.0,0.0,1.0,134.95,135.63,134.31,135.6,440800.0
2007-07-16,135.4,136.14,134.52,135.15,326200.0,0.0,1.0,135.4,136.14,134.52,135.15,326200.0
2007-07-13,134.15,135.96,134.04,135.88,330100.0,0.0,1.0,134.15,135.96,134.04,135.88,330100.0
2007-07-12,133.0,135.5,131.86,134.65,970600.0,0.0,1.0,133.0,135.5,131.86,134.65,970600.0
2007-07-11,134.96,136.17,134.55,135.5,606700.0,0.0,1.0,134.96,136.17,134.55,135.5,606700.0
2007-07-10,138.0,138.0,134.96,134.96,666000.0,0.0,1.0,138.0,138.0,134.96,134.96,666000.0
2007-07-09,139.75,139.89,138.05,138.47,337000.0,0.0,1.0,139.75,139.89,138.05,138.47,337000.0
2007-07-06,140.1,140.29,139.02,139.92,528100.0,0.0,1.0,140.1,140.29,139.02,139.92,528100.0
2007-07-05,138.48,140.1,138.09,140.1,365600.0,0.0,1.0,138.48,140.1,138.09,140.1,365600.0
2007-07-03,137.95,138.8,137.95,138.47,205200.0,0.0,1.0,137.95,138.8,137.95,138.47,205200.0
2007-07-02,137.4,138.03,137.02,137.78,313900.0,0.0,1.0,137.4,138.03,137.02,137.78,313900.0
2007-06-29,136.98,137.75,135.87,136.62,463500.0,0.0,1.0,136.98,137.75,135.87,136.62,463500.0
2007-06-28,136.97,137.91,136.53,136.92,459700.0,0.0,1.0,136.97,137.91,136.53,136.92,459700.0
2007-06-27,135.9,137.2,135.51,137.19,606700.0,0.0,1.0,135.9,137.2,135.51,137.19,606700.0
2007-06-26,137.12,137.51,136.0,136.0,673600.0,0.0,1.0,137.12,137.51,136.0,136.0,673600.0
2007-06-25,137.13,138.3,136.58,137.04,610000.0,0.0,1.0,137.13,138.3,136.58,137.04,610000.0
2007-06-22,137.09,138.35,137.05,137.09,828200.0,0.0,1.0,137.09,138.35,137.05,137.09,828200.0
2007-06-21,137.72,137.86,136.65,137.0,1036100.0,0.0,1.0,137.72,137.86,136.65,137.0,1036100.0
2007-06-20,139.0,139.15,137.72,137.72,572500.0,0.0,1.0,139.0,139.15,137.72,137.72,572500.0
2007-06-19,139.32,139.7,137.75,139.2,786000.0,0.0,1.0,139.32,139.7,137.75,139.2,786000.0
2007-06-18,138.55,140.2,137.85,139.31,973000.0,0.0,1.0,138.55,140.2,137.85,139.31,973000.0
2007-06-15,137.25,138.66,136.84,137.39,781300.0,0.0,1.0,137.25,138.66,136.84,137.39,781300.0
2007-06-14,137.25,137.64,136.05,136.61,847900.0,0.0,1.0,137.25,137.64,136.05,136.61,847900.0
2007-06-13,134.76,137.74,134.58,137.74,989900.0,0.0,1.0,134.76,137.74,134.58,137.74,989900.0
2007-06-12,134.42,136.3,133.98,134.21,1166600.0,0.0,1.0,134.42,136.3,133.98,134.21,1166600.0
2007-06-11,132.17,134.75,131.25,134.42,1097500.0,0.0,1.0,132.17,134.75,131.25,134.42,1097500.0
2007-06-08,131.16,131.91,130.99,131.68,933000.0,0.0,1.0,131.16,131.91,130.99,131.68,933000.0
2007-06-07,133.0,133.65,131.34,131.44,1339400.0,0.0,1.0,133.0,133.65,131.34,131.44,1339400.0
2007-06-06,132.17,132.17,131.0,131.7,906200.0,0.0,1.0,132.17,132.17,131.0,131.7,906200.0
2007-06-05,131.79,132.4,130.52,132.17,1392700.0,0.0,1.0,131.79,132.4,130.52,132.17,1392700.0
2007-06-04,130.09,131.99,129.89,131.79,1145100.0,0.0,1.0,130.09,131.99,129.89,131.79,1145100.0
2007-06-01,128.7,130.09,128.3,130.09,883700.0,0.0,1.0,128.7,130.09,128.3,130.09,883700.0
2007-05-31,128.95,129.37,127.56,128.63,1203000.0,0.0,1.0,128.95,129.37,127.56,128.63,1203000.0
2007-05-30,127.6,128.57,126.88,128.57,1082700.0,0.0,1.0,127.6,128.57,126.88,128.57,1082700.0
2007-05-29,127.1,127.76,126.73,127.6,901700.0,0.0,1.0,127.1,127.76,126.73,127.6,901700.0
2007-05-25,126.01,127.18,126.01,127.03,837400.0,0.0,1.0,126.01,127.18,126.01,127.03,837400.0
2007-05-24,127.14,128.25,125.81,126.01,1447800.0,0.0,1.0,127.14,128.25,125.81,126.01,1447800.0
2007-05-23,131.12,131.75,126.33,126.33,2402000.0,0.0,1.0,131.12,131.75,126.33,126.33,2402000.0
2007-05-22,133.99,134.12,131.1,132.11,1264000.0,0.0,1.0,133.99,134.12,131.1,132.11,1264000.0
2007-05-21,134.75,135.76,133.79,133.99,988000.0,0.0,1.0,134.75,135.76,133.79,133.99,988000.0
2007-05-18,133.4,134.51,133.17,134.51,572800.0,0.0,1.0,133.4,134.51,133.17,134.51,572800.0
2007-05-17,131.67,133.31,131.24,132.85,538600.0,0.0,1.0,131.67,133.31,131.24,132.85,538600.0
2007-05-16,130.46,131.96,130.37,131.67,602800.0,0.0,1.0,130.46,131.96,130.37,131.67,602800.0
2007-05-15,132.0,132.63,130.24,130.26,1123800.0,0.0,1.0,132.0,132.63,130.24,130.26,1123800.0
2007-05-14,134.9,135.34,133.5,133.69,462700.0,0.0,1.0,134.9,135.34,133.5,133.69,462700.0
2007-05-11,133.92,135.31,133.85,134.8,421200.0,0.0,1.0,133.92,135.31,133.85,134.8,421200.0
2007-05-10,135.1,135.74,133.67,133.67,688700.0,0.0,1.0,135.1,135.74,133.67,133.67,688700.0
2007-05-09,132.46,135.4,132.46,135.1,623800.0,0.0,1.0,132.46,135.4,132.46,135.1,623800.0
2007-05-08,132.73,132.94,131.8,132.46,568400.0,0.0,1.0,132.73,132.94,131.8,132.46,568400.0
2007-05-07,132.42,132.84,131.95,132.52,250500.0,0.0,1.0,132.42,132.84,131.95,132.52,250500.0
2007-05-04,132.98,133.21,131.94,132.3,408300.0,0.0,1.0,132.98,133.21,131.94,132.3,408300.0
2007-05-03,132.72,133.53,131.5,132.98,495100.0,0.0,1.0,132.72,133.53,131.5,132.98,495100.0
2007-05-02,133.5,134.35,132.61,132.71,629000.0,0.0,1.0,133.5,134.35,132.61,132.71,629000.0
2007-05-01,133.65,133.8,131.52,133.5,537100.0,0.0,1.0,133.65,133.8,131.52,133.5,537100.0
2007-04-30,133.19,134.58,133.04,133.04,586400.0,0.0,1.0,133.19,134.58,133.04,133.04,586400.0
2007-04-27,133.86,133.86,132.96,133.19,372200.0,0.0,1.0,133.86,133.86,132.96,133.19,372200.0
2007-04-26,134.12,135.72,133.84,133.88,430200.0,0.0,1.0,134.12,135.72,133.84,133.88,430200.0
2007-04-25,136.75,137.66,135.33,135.49,736700.0,0.0,1.0,136.75,137.66,135.33,135.49,736700.0
2007-04-24,134.24,134.24,131.92,133.57,526700.0,0.0,1.0,134.24,134.24,131.92,133.57,526700.0
2007-04-23,133.74,134.55,133.6,134.11,284300.0,0.0,1.0,133.74,134.55,133.6,134.11,284300.0
2007-04-20,132.95,133.81,132.36,133.73,393500.0,0.0,1.0,132.95,133.81,132.36,133.73,393500.0
2007-04-19,131.3,132.4,130.93,132.01,349100.0,0.0,1.0,131.3,132.4,130.93,132.01,349100.0
2007-04-18,131.68,132.27,130.59,131.65,445400.0,0.0,1.0,131.68,132.27,130.59,131.65,445400.0
2007-04-17,132.7,132.92,131.05,131.93,396100.0,0.0,1.0,132.7,132.92,131.05,131.93,396100.0
2007-04-16,131.0,132.81,131.0,132.54,514400.0,0.0,1.0,131.0,132.81,131.0,132.54,514400.0
2007-04-13,130.82,130.83,129.55,130.61,378200.0,0.0,1.0,130.82,130.83,129.55,130.61,378200.0
2007-04-12,129.65,131.19,128.53,130.82,533300.0,0.0,1.0,129.65,131.19,128.53,130.82,533300.0
2007-04-11,130.42,131.69,129.99,130.42,593900.0,0.0,1.0,130.42,131.69,129.99,130.42,593900.0
2007-04-10,130.19,131.61,130.19,130.42,543800.0,0.0,1.0,130.19,131.61,130.19,130.42,543800.0
2007-04-09,129.69,130.38,129.5,130.18,322800.0,0.0,1.0,129.69,130.38,129.5,130.18,322800.0
2007-04-05,129.37,130.1,129.01,129.63,227500.0,0.0,1.0,129.37,130.1,129.01,129.63,227500.0
2007-04-04,128.9,129.87,128.5,129.38,993600.0,0.0,1.0,128.9,129.87,128.5,129.38,993600.0
2007-04-03,129.45,130.6,129.25,129.34,825700.0,0.0,1.0,129.45,130.6,129.25,129.34,825700.0
2007-04-02,128.45,129.3,128.03,128.98,821800.0,0.0,1.0,128.45,129.3,128.03,128.98,821800.0
2007-03-30,127.7,128.47,126.85,128.14,524100.0,0.0,1.0,127.7,128.47,126.85,128.14,524100.0
2007-03-29,127.55,128.32,126.92,127.68,704200.0,0.0,1.0,127.55,128.32,126.92,127.68,704200.0
2007-03-28,128.44,128.44,127.01,127.53,567900.0,0.0,1.0,128.44,128.44,127.01,127.53,567900.0
2007-03-27,128.6,129.15,128.2,128.68,377800.0,0.0,1.0,128.6,129.15,128.2,128.68,377800.0
2007-03-26,129.06,129.18,127.9,129.02,305000.0,0.0,1.0,129.06,129.18,127.9,129.02,305000.0
2007-03-23,128.2,129.49,127.69,129.06,365200.0,0.0,1.0,128.2,129.49,127.69,129.06,365200.0
2007-03-22,127.5,128.6,127.37,128.1,363000.0,0.0,1.0,127.5,128.6,127.37,128.1,363000.0
2007-03-21,126.72,127.5,126.56,127.41,687300.0,0.0,1.0,126.72,127.5,126.56,127.41,687300.0
2007-03-20,125.01,126.55,124.93,126.47,360600.0,0.0,1.0,125.01,126.55,124.93,126.47,360600.0
2007-03-19,125.13,126.0,124.82,125.01,612400.0,0.0,1.0,125.13,126.0,124.82,125.01,612400.0
2007-03-16,125.06,125.14,124.0,124.6,507600.0,0.0,1.0,125.06,125.14,124.0,124.6,507600.0
2007-03-15,124.26,125.33,124.25,125.06,566500.0,0.0,1.0,124.26,125.33,124.25,125.06,566500.0
2007-03-14,125.58,125.76,122.17,124.32,739900.0,0.0,1.0,125.58,125.76,122.17,124.32,739900.0
2007-03-13,126.8,127.21,125.5,125.58,616400.0,0.0,1.0,126.8,127.21,125.5,125.58,616400.0
2007-03-12,127.0,127.69,126.06,127.34,297800.0,0.0,1.0,127.0,127.69,126.06,127.34,297800.0
2007-03-09,127.5,127.9,126.57,127.28,489500.0,0.0,1.0,127.5,127.9,126.57,127.28,489500.0
2007-03-08,126.15,126.94,125.85,126.31,512200.0,0.0,1.0,126.15,126.94,125.85,126.31,512200.0
2007-03-07,123.7,125.95,123.4,125.67,787900.0,0.0,1.0,123.7,125.95,123.4,125.67,787900.0
2007-03-06,122.8,123.9,121.76,123.7,711800.0,0.0,1.0,122.8,123.9,121.76,123.7,711800.0
2007-03-05,122.03,123.0,121.52,121.57,691100.0,0.0,1.0,122.03,123.0,121.52,121.57,691100.0
2007-03-02,124.8,124.94,122.37,122.53,743700.0,0.0,1.0,124.8,124.94,122.37,122.53,743700.0
2007-03-01,124.6,125.39,123.05,124.8,973300.0,0.0,1.0,124.6,125.39,123.05,124.8,973300.0
2007-02-28,124.1,126.48,123.85,125.46,1360900.0,0.0,1.0,124.1,126.48,123.85,125.46,1360900.0
2007-02-27,129.0,129.0,123.17,124.0,1888000.0,0.0,1.0,129.0,129.0,123.17,124.0,1888000.0
2007-02-26,131.01,132.22,130.87,131.41,1612700.0,0.0,1.0,131.01,132.22,130.87,131.41,1612700.0
2007-02-23,130.32,131.12,129.77,131.0,704900.0,0.0,1.0,130.32,131.12,129.77,131.0,704900.0
2007-02-22,129.13,129.91,128.9,129.83,627200.0,0.0,1.0,129.13,129.91,128.9,129.83,627200.0
2007-02-21,127.93,128.58,127.08,128.27,425800.0,0.0,1.0,127.93,128.58,127.08,128.27,425800.0
2007-02-20,127.05,128.07,126.83,127.96,318400.0,0.0,1.0,127.05,128.07,126.83,127.96,318400.0
2007-02-16,127.23,127.6,126.55,126.82,323800.0,0.0,1.0,127.23,127.6,126.55,126.82,323800.0
2007-02-15,127.61,127.95,127.0,127.49,369200.0,0.0,1.0,127.61,127.95,127.0,127.49,369200.0
2007-02-14,127.81,127.91,127.24,127.79,315900.0,0.0,1.0,127.81,127.91,127.24,127.79,315900.0
2007-02-13,126.55,127.7,126.55,127.56,326500.0,0.0,1.0,126.55,127.7,126.55,127.56,326500.0
2007-02-12,125.6,126.84,125.6,126.7,289900.0,0.0,1.0,125.6,126.84,125.6,126.7,289900.0
2007-02-09,126.78,127.14,125.28,125.56,242200.0,0.0,1.0,126.78,127.14,125.28,125.56,242200.0
2007-02-08,127.0,127.0,125.9,126.62,367000.0,0.0,1.0,127.0,127.0,125.9,126.62,367000.0
2007-02-07,127.5,128.0,126.94,127.35,349900.0,0.0,1.0,127.5,128.0,126.94,127.35,349900.0
2007-02-06,126.42,127.59,126.15,127.45,234600.0,0.0,1.0,126.42,127.59,126.15,127.45,234600.0
2007-02-05,126.65,127.31,125.9,126.41,345000.0,0.0,1.0,126.65,127.31,125.9,126.41,345000.0
2007-02-02,126.99,127.43,126.32,126.85,269900.0,0.0,1.0,126.99,127.43,126.32,126.85,269900.0
2007-02-01,125.88,126.97,125.34,126.74,438600.0,0.0,1.0,125.88,126.97,125.34,126.74,438600.0
2007-01-31,123.37,126.0,123.27,125.63,578600.0,0.0,1.0,123.37,126.0,123.27,125.63,578600.0
2007-01-30,124.58,124.78,123.03,123.39,435500.0,0.0,1.0,124.58,124.78,123.03,123.39,435500.0
2007-01-29,124.85,125.4,124.16,124.52,317700.0,0.0,1.0,124.85,125.4,124.16,124.52,317700.0
2007-01-26,124.64,125.13,123.94,124.75,431700.0,0.0,1.0,124.64,125.13,123.94,124.75,431700.0
2007-01-25,125.4,125.4,124.43,124.44,603800.0,0.0,1.0,125.4,125.4,124.43,124.44,603800.0
2007-01-24,125.1,125.77,124.9,125.52,362900.0,0.0,1.0,125.1,125.77,124.9,125.52,362900.0
2007-01-23,124.7,126.14,124.6,124.95,487100.0,0.0,1.0,124.7,126.14,124.6,124.95,487100.0
2007-01-22,124.85,125.14,124.17,124.71,519700.0,0.0,1.0,124.85,125.14,124.17,124.71,519700.0
2007-01-19,124.94,125.41,123.2,125.09,551300.0,0.0,1.0,124.94,125.41,123.2,125.09,551300.0
2007-01-18,123.73,124.23,123.56,123.87,601000.0,0.0,1.0,123.73,124.23,123.56,123.87,601000.0
2007-01-17,123.35,124.34,123.33,123.56,542200.0,0.0,1.0,123.35,124.34,123.33,123.56,542200.0
2007-01-16,124.61,125.28,123.39,123.74,443600.0,0.0,1.0,124.61,125.28,123.39,123.74,443600.0
2007-01-12,124.87,125.32,122.84,124.61,520900.0,0.0,1.0,124.87,125.32,122.84,124.61,520900.0
2007-01-11,120.94,124.94,120.92,124.86,832700.0,0.0,1.0,120.94,124.94,120.92,124.86,832700.0
2007-01-10,121.61,121.61,120.17,120.82,475900.0,0.0,1.0,121.61,121.61,120.17,120.82,475900.0
2007-01-09,119.1,122.21,119.0,121.61,780900.0,0.0,1.0,119.1,122.21,119.0,121.61,780900.0
2007-01-08,118.75,118.99,117.87,118.85,298300.0,0.0,1.0,118.75,118.99,117.87,118.85,298300.0
2007-01-05,119.3,119.9,118.39,118.83,544300.0,0.0,1.0,119.3,119.9,118.39,118.83,544300.0
2007-01-04,118.61,120.25,118.35,119.6,726900.0,0.0,1.0,118.61,120.25,118.35,119.6,726900.0
2007-01-03,115.94,120.05,115.94,118.61,1421300.0,0.0,1.0,115.94,120.05,115.94,118.61,1421300.0
2006-12-29,116.41,117.27,115.42,115.56,339600.0,0.0,1.0,116.41,117.27,115.42,115.56,339600.0
2006-12-28,116.59,117.2,116.3,116.41,225800.0,0.0,1.0,116.59,117.2,116.3,116.41,225800.0
2006-12-27,116.69,117.0,116.15,116.79,365900.0,0.0,1.0,116.69,117.0,116.15,116.79,365900.0
2006-12-26,116.39,116.67,115.68,116.62,349200.0,0.0,1.0,116.39,116.67,115.68,116.62,349200.0
2006-12-22,116.5,116.81,115.88,116.5,237800.0,0.0,1.0,116.5,116.81,115.88,116.5,237800.0
2006-12-21,117.2,117.91,116.36,116.6,482700.0,0.0,1.0,117.2,117.91,116.36,116.6,482700.0
2006-12-20,117.5,117.98,116.88,117.05,523100.0,0.0,1.0,117.5,117.98,116.88,117.05,523100.0
2006-12-19,116.25,117.8,115.36,117.4,759500.0,0.0,1.0,116.25,117.8,115.36,117.4,759500.0
2006-12-18,117.0,117.05,115.86,116.22,318500.0,0.0,1.0,117.0,117.05,115.86,116.22,318500.0
2006-12-15,118.38,119.5,116.97,116.99,739700.0,0.0,1.0,118.38,119.5,116.97,116.99,739700.0
2006-12-14,117.0,117.99,116.86,117.5,476100.0,0.0,1.0,117.0,117.99,116.86,117.5,476100.0
2006-12-13,117.4,117.79,116.73,117.0,471700.0,0.0,1.0,117.4,117.79,116.73,117.0,471700.0
2006-12-12,117.51,117.94,116.45,117.09,594700.0,0.0,1.0,117.51,117.94,116.45,117.09,594700.0
2006-12-11,117.73,117.99,117.3,117.79,470700.0,0.0,1.0,117.73,117.99,117.3,117.79,470700.0
2006-12-08,117.65,118.29,117.02,117.73,890600.0,0.0,1.0,117.65,118.29,117.02,117.73,890600.0
2006-12-07,119.85,119.99,117.54,117.65,839300.0,0.0,1.0,119.85,119.99,117.54,117.65,839300.0
2006-12-06,118.75,120.37,117.83,119.41,1036000.0,0.0,1.0,118.75,120.37,117.83,119.41,1036000.0
2006-12-05,117.25,120.36,115.09,119.29,2491900.0,0.0,1.0,117.25,120.36,115.09,119.29,2491900.0
2006-12-04,113.95,115.25,113.81,114.47,771300.0,0.0,1.0,113.95,115.25,113.81,114.47,771300.0
2006-12-01,113.62,114.14,112.39,113.38,466100.0,0.0,1.0,113.62,114.14,112.39,113.38,466100.0
2006-11-30,113.24,113.96,112.61,113.61,801600.0,0.0,1.0,113.24,113.96,112.61,113.61,801600.0
2006-11-29,113.32,113.82,112.42,113.11,656400.0,0.0,1.0,113.32,113.82,112.42,113.11,656400.0
2006-11-28,113.4,113.73,112.62,113.17,666700.0,0.0,1.0,113.4,113.73,112.62,113.17,666700.0
2006-11-27,114.87,114.87,113.28,113.68,639300.0,0.0,1.0,114.87,114.87,113.28,113.68,639300.0
2006-11-24,115.04,115.55,113.94,114.92,282600.0,0.0,1.0,115.04,115.55,113.94,114.92,282600.0
2006-11-22,114.98,115.64,114.69,114.94,675000.0,0.0,1.0,114.98,115.64,114.69,114.94,675000.0
2006-11-21,115.05,115.83,113.34,114.53,700700.0,0.0,1.0,115.05,115.83,113.34,114.53,700700.0
2006-11-20,114.9,115.24,113.92,114.51,448200.0,0.0,1.0,114.9,115.24,113.92,114.51,448200.0
2006-11-17,114.73,114.79,113.09,114.79,404900.0,0.0,1.0,114.73,114.79,113.09,114.79,404900.0
2006-11-16,114.4,114.98,114.06,114.72,890900.0,0.0,1.0,114.4,114.98,114.06,114.72,890900.0
2006-11-15,113.95,114.24,113.71,113.9,452400.0,0.0,1.0,113.95,114.24,113.71,113.9,452400.0
2006-11-14,113.15,114.15,112.39,114.04,715000.0,0.0,1.0,113.15,114.15,112.39,114.04,715000.0
2006-11-13,112.75,114.24,112.35,112.59,491700.0,0.0,1.0,112.75,114.24,112.35,112.59,491700.0
2006-11-10,112.25,113.25,112.06,113.13,376800.0,0.0,1.0,112.25,113.25,112.06,113.13,376800.0
2006-11-09,113.28,113.79,112.07,112.87,468100.0,0.0,1.0,113.28,113.79,112.07,112.87,468100.0
2006-11-08,111.39,113.56,110.85,113.18,627400.0,0.0,1.0,111.39,113.56,110.85,113.18,627400.0
2006-11-07,111.66,111.83,110.87,111.54,549200.0,0.0,1.0,111.66,111.83,110.87,111.54,549200.0
2006-11-06,109.65,111.81,109.65,111.68,349900.0,0.0,1.0,109.65,111.81,109.65,111.68,349900.0
2006-11-03,109.82,110.78,108.67,109.3,625300.0,0.0,1.0,109.82,110.78,108.67,109.3,625300.0
2006-11-02,109.96,110.58,108.85,109.92,540400.0,0.0,1.0,109.96,110.58,108.85,109.92,540400.0
2006-11-01,112.0,112.25,109.91,109.96,729100.0,0.0,1.0,112.0,112.25,109.91,109.96,729100.0
2006-10-31,111.18,112.34,110.82,112.0,711300.0,0.0,1.0,111.18,112.34,110.82,112.0,711300.0
2006-10-30,110.65,111.74,109.42,111.43,596000.0,0.0,1.0,110.65,111.74,109.42,111.43,596000.0
2006-10-27,111.65,111.88,110.6,110.9,562500.0,0.0,1.0,111.65,111.88,110.6,110.9,562500.0
2006-10-26,109.7,112.06,109.49,111.86,623900.0,0.0,1.0,109.7,112.06,109.49,111.86,623900.0
2006-10-25,110.01,111.5,108.37,109.27,1310800.0,0.0,1.0,110.01,111.5,108.37,109.27,1310800.0
2006-10-24,113.8,114.0,112.66,113.27,532200.0,0.0,1.0,113.8,114.0,112.66,113.27,532200.0
2006-10-23,112.22,114.56,112.02,114.0,911900.0,0.0,1.0,112.22,114.56,112.02,114.0,911900.0
2006-10-20,113.1,113.28,111.31,112.22,490300.0,0.0,1.0,113.1,113.28,111.31,112.22,490300.0
2006-10-19,112.1,113.16,111.4,112.37,648500.0,0.0,1.0,112.1,113.16,111.4,112.37,648500.0
2006-10-18,110.75,112.25,110.37,111.62,698300.0,0.0,1.0,110.75,112.25,110.37,111.62,698300.0
2006-10-17,108.96,111.0,108.96,110.5,987000.0,0.0,1.0,108.96,111.0,108.96,110.5,987000.0
2006-10-16,108.97,109.3,108.45,108.96,537800.0,0.0,1.0,108.97,109.3,108.45,108.96,537800.0
2006-10-13,109.4,109.45,108.26,108.77,512900.0,0.0,1.0,109.4,109.45,108.26,108.77,512900.0
2006-10-12,108.7,109.58,108.37,109.54,677200.0,0.0,1.0,108.7,109.58,108.37,109.54,677200.0
2006-10-11,109.03,109.03,107.65,108.33,475600.0,0.0,1.0,109.03,109.03,107.65,108.33,475600.0
2006-10-10,108.55,109.25,108.0,109.03,579800.0,0.0,1.0,108.55,109.25,108.0,109.03,579800.0
2006-10-09,107.26,108.64,106.53,108.55,440200.0,0.0,1.0,107.26,108.64,106.53,108.55,440200.0
2006-10-06,107.8,107.81,106.08,107.48,552800.0,0.0,1.0,107.8,107.81,106.08,107.48,552800.0
2006-10-05,107.7,108.26,106.29,108.26,691600.0,0.0,1.0,107.7,108.26,106.29,108.26,691600.0
2006-10-04,105.84,108.04,104.88,108.01,758500.0,0.0,1.0,105.84,108.04,104.88,108.01,758500.0
2006-10-03,104.29,105.89,103.87,105.65,829600.0,0.0,1.0,104.29,105.89,103.87,105.65,829600.0
2006-10-02,103.3,104.5,102.59,104.15,657300.0,0.0,1.0,103.3,104.5,102.59,104.15,657300.0
2006-09-29,103.99,104.0,102.57,103.3,828800.0,0.0,1.0,103.99,104.0,102.57,103.3,828800.0
2006-09-28,102.9,104.89,102.5,104.19,1466800.0,0.0,1.0,102.9,104.89,102.5,104.19,1466800.0
2006-09-27,104.15,105.99,103.7,105.38,1310200.0,0.0,1.0,104.15,105.99,103.7,105.38,1310200.0
2006-09-26,103.45,104.99,103.2,104.15,1235700.0,0.0,1.0,103.45,104.99,103.2,104.15,1235700.0
2006-09-25,101.28,103.59,101.15,103.44,1026100.0,0.0,1.0,101.28,103.59,101.15,103.44,1026100.0
2006-09-22,99.65,101.17,99.28,100.66,562100.0,0.0,1.0,99.65,101.17,99.28,100.66,562100.0
2006-09-21,101.98,102.25,100.1,100.18,954200.0,0.0,1.0,101.98,102.25,100.1,100.18,954200.0
2006-09-20,99.79,101.72,98.82,101.28,2160700.0,0.0,1.0,99.79,101.72,98.82,101.28,2160700.0
2006-09-19,95.6,99.75,95.6,98.67,3869300.0,0.0,1.0,95.6,99.75,95.6,98.67,3869300.0
2006-09-18,95.76,95.94,93.92,94.1,1094500.0,0.0,1.0,95.76,95.94,93.92,94.1,1094500.0
2006-09-15,96.5,97.12,95.02,95.61,908100.0,0.0,1.0,96.5,97.12,95.02,95.61,908100.0
2006-09-14,95.13,96.11,94.47,95.61,650400.0,0.0,1.0,95.13,96.11,94.47,95.61,650400.0
2006-09-13,95.7,96.0,94.62,95.85,518200.0,0.0,1.0,95.7,96.0,94.62,95.85,518200.0
2006-09-12,94.19,96.17,93.7,95.75,763400.0,0.0,1.0,94.19,96.17,93.7,95.75,763400.0
2006-09-11,90.49,95.34,90.43,94.32,1547900.0,0.0,1.0,90.49,95.34,90.43,94.32,1547900.0
2006-09-08,90.13,91.0,89.34,90.49,818300.0,0.0,1.0,90.13,91.0,89.34,90.49,818300.0
2006-09-07,91.27,91.28,90.11,90.13,612400.0,0.0,1.0,91.27,91.28,90.11,90.13,612400.0
2006-09-06,92.61,92.8,91.22,91.27,474100.0,0.0,1.0,92.61,92.8,91.22,91.27,474100.0
2006-09-05,91.25,92.61,90.95,92.61,617800.0,0.0,1.0,91.25,92.61,90.95,92.61,617800.0
2006-09-01,90.1,91.54,89.97,91.25,379900.0,0.0,1.0,90.1,91.54,89.97,91.25,379900.0
2006-08-31,90.42,90.69,89.9,90.3,436500.0,0.0,1.0,90.42,90.69,89.9,90.3,436500.0
2006-08-30,88.8,90.56,88.22,90.17,742800.0,0.0,1.0,88.8,90.56,88.22,90.17,742800.0
2006-08-29,88.15,88.79,87.51,88.38,336100.0,0.0,1.0,88.15,88.79,87.51,88.38,336100.0
2006-08-28,87.3,88.53,87.3,88.15,402600.0,0.0,1.0,87.3,88.53,87.3,88.15,402600.0
2006-08-25,86.41,87.37,86.01,87.21,382000.0,0.0,1.0,86.41,87.37,86.01,87.21,382000.0
2006-08-24,88.55,88.55,86.25,86.4,730200.0,0.0,1.0,88.55,88.55,86.25,86.4,730200.0
2006-08-23,88.31,88.44,87.62,88.34,349300.0,0.0,1.0,88.31,88.44,87.62,88.34,349300.0
2006-08-22,88.46,88.56,87.64,88.14,401100.0,0.0,1.0,88.46,88.56,87.64,88.14,401100.0
2006-08-21,89.32,89.39,88.04,88.45,339800.0,0.0,1.0,89.32,89.39,88.04,88.45,339800.0
2006-08-18,89.5,90.2,88.94,89.35,767500.0,0.0,1.0,89.5,90.2,88.94,89.35,767500.0
2006-08-17,88.11,88.62,87.33,88.19,836200.0,0.0,1.0,88.11,88.62,87.33,88.19,836200.0
2006-08-16,87.95,88.44,87.43,88.12,718700.0,0.0,1.0,87.95,88.44,87.43,88.12,718700.0
2006-08-15,86.95,87.82,86.95,87.61,407900.0,0.0,1.0,86.95,87.82,86.95,87.61,407900.0
2006-08-14,88.68,88.81,86.45,86.7,625800.0,0.0,1.0,88.68,88.81,86.45,86.7,625800.0
2006-08-11,88.27,89.05,87.75,88.67,327600.0,0.0,1.0,88.27,89.05,87.75,88.67,327600.0
2006-08-10,86.14,88.34,85.98,88.27,343700.0,0.0,1.0,86.14,88.34,85.98,88.27,343700.0
2006-08-09,88.11,88.46,86.24,86.32,380800.0,0.0,1.0,88.11,88.46,86.24,86.32,380800.0
2006-08-08,89.2,89.39,87.56,87.73,406700.0,0.0,1.0,89.2,89.39,87.56,87.73,406700.0
2006-08-07,89.01,89.25,88.09,89.04,379200.0,0.0,1.0,89.01,89.25,88.09,89.04,379200.0
2006-08-04,89.11,90.44,88.26,89.01,326100.0,0.0,1.0,89.11,90.44,88.26,89.01,326100.0
2006-08-03,87.85,89.0,87.2,88.7,474600.0,0.0,1.0,87.85,89.0,87.2,88.7,474600.0
2006-08-02,87.16,88.4,87.15,87.85,568800.0,0.0,1.0,87.16,88.4,87.15,87.85,568800.0
2006-08-01,87.7,87.73,86.72,87.15,408900.0,0.0,1.0,87.7,87.73,86.72,87.15,408900.0
2006-07-31,87.15,88.46,86.99,87.87,332100.0,0.0,1.0,87.15,88.46,86.99,87.87,332100.0
2006-07-28,86.6,87.44,86.5,87.15,448400.0,0.0,1.0,86.6,87.44,86.5,87.15,448400.0
2006-07-27,87.61,88.32,86.32,86.38,634200.0,0.0,1.0,87.61,88.32,86.32,86.38,634200.0
2006-07-26,88.22,88.22,87.04,87.55,779900.0,0.0,1.0,88.22,88.22,87.04,87.55,779900.0
2006-07-25,86.4,88.65,86.06,88.47,579300.0,0.0,1.0,86.4,88.65,86.06,88.47,579300.0
2006-07-24,85.3,86.67,85.04,86.44,484700.0,0.0,1.0,85.3,86.67,85.04,86.44,484700.0
2006-07-21,85.05,85.17,84.52,85.0,532600.0,0.0,1.0,85.05,85.17,84.52,85.0,532600.0
2006-07-20,86.36,86.65,85.02,85.04,288700.0,0.0,1.0,86.36,86.65,85.02,85.04,288700.0
2006-07-19,85.1,86.61,84.92,86.35,924400.0,0.0,1.0,85.1,86.61,84.92,86.35,924400.0
2006-07-18,85.48,85.48,83.93,84.67,491200.0,0.0,1.0,85.48,85.48,83.93,84.67,491200.0
2006-07-17,84.42,85.76,84.42,85.48,557500.0,0.0,1.0,84.42,85.76,84.42,85.48,557500.0
2006-07-14,85.1,85.56,83.81,84.42,604500.0,0.0,1.0,85.1,85.56,83.81,84.42,604500.0
2006-07-13,85.0,86.59,84.22,85.25,1108100.0,0.0,1.0,85.0,86.59,84.22,85.25,1108100.0
2006-07-12,85.85,86.08,84.77,85.0,796300.0,0.0,1.0,85.85,86.08,84.77,85.0,796300.0
2006-07-11,85.84,86.25,85.24,85.8,755700.0,0.0,1.0,85.84,86.25,85.24,85.8,755700.0
2006-07-10,86.46,87.14,85.84,85.94,586800.0,0.0,1.0,86.46,87.14,85.84,85.94,586800.0
2006-07-07,86.42,86.83,86.05,86.28,607100.0,0.0,1.0,86.42,86.83,86.05,86.28,607100.0
2006-07-06,87.29,87.9,86.11,86.42,1137700.0,0.0,1.0,87.29,87.9,86.11,86.42,1137700.0
2006-07-05,88.96,88.96,87.18,87.28,745300.0,0.0,1.0,88.96,88.96,87.18,87.28,745300.0
2006-07-03,88.9,89.04,88.14,88.97,346400.0,0.0,1.0,88.9,89.04,88.14,88.97,346400.0
2006-06-30,89.74,90.04,88.11,88.2,1011700.0,0.0,1.0,89.74,90.04,88.11,88.2,1011700.0
2006-06-29,88.5,89.95,87.72,89.8,2515200.0,0.0,1.0,88.5,89.95,87.72,89.8,2515200.0
2006-06-28,93.35,93.44,91.5,92.27,559100.0,0.0,1.0,93.35,93.44,91.5,92.27,559100.0
2006-06-27,92.8,93.3,92.42,92.55,530100.0,0.0,1.0,92.8,93.3,92.42,92.55,530100.0
2006-06-26,93.52,93.75,93.0,93.0,492400.0,0.0,1.0,93.52,93.75,93.0,93.0,492400.0
2006-06-23,93.52,94.21,92.79,93.52,421400.0,0.0,1.0,93.52,94.21,92.79,93.52,421400.0
2006-06-22,94.0,94.2,93.1,93.85,369600.0,0.0,1.0,94.0,94.2,93.1,93.85,369600.0
2006-06-21,93.09,94.61,93.09,94.11,445300.0,0.0,1.0,93.09,94.61,93.09,94.11,445300.0
2006-06-20,92.46,93.89,92.09,93.11,765800.0,0.0,1.0,92.46,93.89,92.09,93.11,765800.0
2006-06-19,93.09,93.33,92.11,92.26,538900.0,0.0,1.0,93.09,93.33,92.11,92.26,538900.0
2006-06-16,93.0,93.3,92.31,92.54,1285100.0,0.0,1.0,93.0,93.3,92.31,92.54,1285100.0
2006-06-15,92.42,93.34,92.39,93.0,942600.0,0.0,1.0,92.42,93.34,92.39,93.0,942600.0
2006-06-14,91.0,92.5,90.55,92.4,785200.0,0.0,1.0,91.0,92.5,90.55,92.4,785200.0
2006-06-13,91.12,92.23,90.73,91.14,1037800.0,0.0,1.0,91.12,92.23,90.73,91.14,1037800.0
2006-06-12,93.02,93.18,91.11,91.11,719300.0,0.0,1.0,93.02,93.18,91.11,91.11,719300.0
2006-06-09,93.0,93.93,92.6,92.94,1132300.0,0.0,1.0,93.0,93.93,92.6,92.94,1132300.0
2006-06-08,90.53,93.16,90.05,93.0,1172300.0,0.0,1.0,90.53,93.16,90.05,93.0,1172300.0
2006-06-07,89.95,91.9,89.8,90.46,816100.0,0.0,1.0,89.95,91.9,89.8,90.46,816100.0
2006-06-06,89.85,90.02,88.57,89.7,711000.0,0.0,1.0,89.85,90.02,88.57,89.7,711000.0
2006-06-05,91.71,91.77,89.64,89.76,514400.0,0.0,1.0,91.71,91.77,89.64,89.76,514400.0
2006-06-02,91.72,91.91,90.67,91.7,654800.0,0.0,1.0,91.72,91.91,90.67,91.7,654800.0
2006-06-01,90.53,91.68,89.94,91.68,703600.0,0.0,1.0,90.53,91.68,89.94,91.68,703600.0
2006-05-31,89.55,90.75,88.99,90.73,824400.0,0.0,1.0,89.55,90.75,88.99,90.73,824400.0
2006-05-30,88.93,90.23,88.62,89.3,989000.0,0.0,1.0,88.93,90.23,88.62,89.3,989000.0
2006-05-26,89.07,89.29,88.8,88.92,641800.0,0.0,1.0,89.07,89.29,88.8,88.92,641800.0
2006-05-25,90.45,90.56,88.48,88.88,848400.0,0.0,1.0,90.45,90.56,88.48,88.88,848400.0
2006-05-24,87.5,91.55,87.5,90.15,2055400.0,0.0,1.0,87.5,91.55,87.5,90.15,2055400.0
2006-05-23,88.6,89.81,87.79,87.9,616100.0,0.0,1.0,88.6,89.81,87.79,87.9,616100.0
2006-05-22,90.51,90.82,88.39,88.49,855400.0,0.0,1.0,90.51,90.82,88.39,88.49,855400.0
2006-05-19,90.4,91.13,89.73,90.5,770900.0,0.0,1.0,90.4,91.13,89.73,90.5,770900.0
2006-05-18,89.95,91.36,89.5,90.27,685800.0,0.0,1.0,89.95,91.36,89.5,90.27,685800.0
2006-05-17,89.94,90.66,89.45,89.95,564100.0,0.0,1.0,89.94,90.66,89.45,89.95,564100.0
2006-05-16,90.73,90.93,89.95,90.05,575100.0,0.0,1.0,90.73,90.93,89.95,90.05,575100.0
2006-05-15,91.35,91.36,90.4,90.75,892100.0,0.0,1.0,91.35,91.36,90.4,90.75,892100.0
2006-05-12,92.5,92.7,91.29,91.35,549200.0,0.0,1.0,92.5,92.7,91.29,91.35,549200.0
2006-05-11,93.55,93.55,92.0,92.52,369600.0,0.0,1.0,93.55,93.55,92.0,92.52,369600.0
2006-05-10,93.36,93.71,93.06,93.55,334500.0,0.0,1.0,93.36,93.71,93.06,93.55,334500.0
2006-05-09,94.0,94.23,93.33,93.6,352100.0,0.0,1.0,94.0,94.23,93.33,93.6,352100.0
2006-05-08,92.71,94.18,92.6,93.97,590500.0,0.0,1.0,92.71,94.18,92.6,93.97,590500.0
2006-05-05,91.8,92.84,91.68,92.7,647400.0,0.0,1.0,91.8,92.84,91.68,92.7,647400.0
2006-05-04,92.25,92.92,91.39,91.41,606300.0,0.0,1.0,92.25,92.92,91.39,91.41,606300.0
2006-05-03,91.79,92.1,91.35,92.01,1076800.0,0.0,1.0,91.79,92.1,91.35,92.01,1076800.0
2006-05-02,93.07,93.19,91.83,92.12,378000.0,0.0,1.0,93.07,93.19,91.83,92.12,378000.0
2006-05-01,93.62,94.35,92.8,93.12,331000.0,0.0,1.0,93.62,94.35,92.8,93.12,331000.0
2006-04-28,94.0,94.41,93.32,93.61,468500.0,0.0,1.0,94.0,94.41,93.32,93.61,468500.0
2006-04-27,92.85,95.14,92.77,94.24,521800.0,0.0,1.0,92.85,95.14,92.77,94.24,521800.0
2006-04-26,93.0,94.15,92.63,92.91,647800.0,0.0,1.0,93.0,94.15,92.63,92.91,647800.0
2006-04-25,94.27,94.5,93.16,93.4,553700.0,0.0,1.0,94.27,94.5,93.16,93.4,553700.0
2006-04-24,95.3,95.3,93.65,94.26,448900.0,0.0,1.0,95.3,95.3,93.65,94.26,448900.0
2006-04-21,96.9,96.91,94.3,95.19,556800.0,0.0,1.0,96.9,96.91,94.3,95.19,556800.0
2006-04-20,96.05,96.35,95.27,96.24,425900.0,0.0,1.0,96.05,96.35,95.27,96.24,425900.0
2006-04-19,96.25,96.67,95.5,96.17,471500.0,0.0,1.0,96.25,96.67,95.5,96.17,471500.0
2006-04-18,95.86,97.27,95.38,96.63,489100.0,0.0,1.0,95.86,97.27,95.38,96.63,489100.0
2006-04-17,95.8,96.4,95.26,95.78,280600.0,0.0,1.0,95.8,96.4,95.26,95.78,280600.0
2006-04-13,96.0,96.4,95.25,95.83,329600.0,0.0,1.0,96.0,96.4,95.25,95.83,329600.0
2006-04-12,96.15,96.65,95.66,96.1,483800.0,0.0,1.0,96.15,96.65,95.66,96.1,483800.0
2006-04-11,98.25,98.26,95.3,96.18,1450500.0,0.0,1.0,98.25,98.26,95.3,96.18,1450500.0
2006-04-10,99.05,99.6,98.61,99.03,383700.0,0.0,1.0,99.05,99.6,98.61,99.03,383700.0
2006-04-07,100.95,102.0,99.21,99.5,531300.0,0.0,1.0,100.95,102.0,99.21,99.5,531300.0
2006-04-06,100.81,101.22,99.65,100.86,705300.0,0.0,1.0,100.81,101.22,99.65,100.86,705300.0
2006-04-05,99.88,101.21,99.88,101.06,518700.0,0.0,1.0,99.88,101.21,99.88,101.06,518700.0
2006-04-04,99.5,100.67,99.46,99.88,713300.0,0.0,1.0,99.5,100.67,99.46,99.88,713300.0
2006-04-03,99.74,99.85,98.75,99.56,513600.0,0.0,1.0,99.74,99.85,98.75,99.56,513600.0
2006-03-31,99.62,100.36,99.62,99.69,749800.0,0.0,1.0,99.62,100.36,99.62,99.69,749800.0
2006-03-30,98.93,99.89,98.82,99.48,625600.0,0.0,1.0,98.93,99.89,98.82,99.48,625600.0
2006-03-29,98.85,99.38,98.25,98.92,608700.0,0.0,1.0,98.85,99.38,98.25,98.92,608700.0
2006-03-28,98.75,99.61,98.15,98.77,488700.0,0.0,1.0,98.75,99.61,98.15,98.77,488700.0
2006-03-27,98.01,98.98,97.85,98.85,494500.0,0.0,1.0,98.01,98.98,97.85,98.85,494500.0
2006-03-24,97.97,98.44,97.22,98.26,409900.0,0.0,1.0,97.97,98.44,97.22,98.26,409900.0
2006-03-23,97.8,98.65,97.75,98.22,1028300.0,0.0,1.0,97.8,98.65,97.75,98.22,1028300.0
2006-03-22,96.56,97.63,96.52,97.25,713100.0,0.0,1.0,96.56,97.63,96.52,97.25,713100.0
2006-03-21,97.24,97.9,96.47,96.81,453100.0,0.0,1.0,97.24,97.9,96.47,96.81,453100.0
2006-03-20,98.1,98.34,96.73,97.32,321000.0,0.0,1.0,98.1,98.34,96.73,97.32,321000.0
2006-03-17,98.0,98.0,96.77,97.22,659400.0,0.0,1.0,98.0,98.0,96.77,97.22,659400.0
2006-03-16,98.4,99.12,97.54,97.78,399500.0,0.0,1.0,98.4,99.12,97.54,97.78,399500.0
2006-03-15,97.9,98.4,96.94,97.59,449300.0,0.0,1.0,97.9,98.4,96.94,97.59,449300.0
2006-03-14,96.64,97.8,96.31,97.52,373200.0,0.0,1.0,96.64,97.8,96.31,97.52,373200.0
2006-03-13,97.03,97.61,96.68,97.24,437600.0,0.0,1.0,97.03,97.61,96.68,97.24,437600.0
2006-03-10,95.1,97.08,94.62,96.83,469800.0,0.0,1.0,95.1,97.08,94.62,96.83,469800.0
2006-03-09,95.86,95.86,94.77,95.2,498100.0,0.0,1.0,95.86,95.86,94.77,95.2,498100.0
2006-03-08,95.9,96.21,95.2,95.87,362600.0,0.0,1.0,95.9,96.21,95.2,95.87,362600.0
2006-03-07,95.34,96.3,95.03,95.93,503300.0,0.0,1.0,95.34,96.3,95.03,95.93,503300.0
2006-03-06,95.82,96.12,95.02,95.4,521000.0,0.0,1.0,95.82,96.12,95.02,95.4,521000.0
2006-03-03,97.43,97.71,95.79,95.81,633000.0,0.0,1.0,97.43,97.71,95.79,95.81,633000.0
2006-03-02,100.4,100.55,97.25,97.68,1554600.0,0.0,1.0,100.4,100.55,97.25,97.68,1554600.0
2006-03-01,94.26,100.75,94.02,100.29,2526900.0,0.0,1.0,94.26,100.75,94.02,100.29,2526900.0
2006-02-28,98.75,98.75,96.67,96.68,736100.0,0.0,1.0,98.75,98.75,96.67,96.68,736100.0
2006-02-27,99.66,100.15,98.86,98.91,461000.0,0.0,1.0,99.66,100.15,98.86,98.91,461000.0
2006-02-24,99.03,99.49,98.45,99.42,398800.0,0.0,1.0,99.03,99.49,98.45,99.42,398800.0
2006-02-23,98.8,99.7,98.44,98.94,304500.0,0.0,1.0,98.8,99.7,98.44,98.94,304500.0
2006-02-22,98.38,99.7,98.21,99.01,297000.0,0.0,1.0,98.38,99.7,98.21,99.01,297000.0
2006-02-21,99.17,99.75,97.69,98.18,367500.0,0.0,1.0,99.17,99.75,97.69,98.18,367500.0
2006-02-17,99.45,99.74,98.73,99.3,458300.0,0.0,1.0,99.45,99.74,98.73,99.3,458300.0
2006-02-16,99.72,99.8,98.48,99.37,435200.0,0.0,1.0,99.72,99.8,98.48,99.37,435200.0
2006-02-15,99.84,100.26,98.9,99.75,684200.0,0.0,1.0,99.84,100.26,98.9,99.75,684200.0
2006-02-14,98.59,100.45,98.45,100.23,856900.0,0.0,1.0,98.59,100.45,98.45,100.23,856900.0
2006-02-13,98.0,98.81,97.44,98.42,327700.0,0.0,1.0,98.0,98.81,97.44,98.42,327700.0
2006-02-10,99.05,99.32,96.61,98.05,896800.0,0.0,1.0,99.05,99.32,96.61,98.05,896800.0
2006-02-09,97.33,98.69,97.05,98.23,571800.0,0.0,1.0,97.33,98.69,97.05,98.23,571800.0
2006-02-08,97.1,97.75,96.51,97.28,461500.0,0.0,1.0,97.1,97.75,96.51,97.28,461500.0
2006-02-07,96.4,97.59,96.39,97.12,633400.0,0.0,1.0,96.4,97.59,96.39,97.12,633400.0
2006-02-06,97.19,97.19,95.39,96.4,944100.0,0.0,1.0,97.19,97.19,95.39,96.4,944100.0
2006-02-03,96.94,97.68,96.46,97.2,361700.0,0.0,1.0,96.94,97.68,96.46,97.2,361700.0
2006-02-02,97.61,97.95,96.31,97.04,445800.0,0.0,1.0,97.61,97.95,96.31,97.04,445800.0
2006-02-01,98.2,98.5,97.05,97.61,526600.0,0.0,1.0,98.2,98.5,97.05,97.61,526600.0
2006-01-31,96.67,97.98,96.63,97.75,977900.0,0.0,1.0,96.67,97.98,96.63,97.75,977900.0
2006-01-30,96.13,96.89,96.0,96.52,811700.0,0.0,1.0,96.13,96.89,96.0,96.52,811700.0
2006-01-27,94.86,96.44,94.8,95.82,803200.0,0.0,1.0,94.86,96.44,94.8,95.82,803200.0
2006-01-26,95.45,96.67,94.79,94.95,444900.0,0.0,1.0,95.45,96.67,94.79,94.95,444900.0
2006-01-25,95.72,95.73,94.44,95.03,392900.0,0.0,1.0,95.72,95.73,94.44,95.03,392900.0
2006-01-24,94.7,95.81,94.59,95.52,490700.0,0.0,1.0,94.7,95.81,94.59,95.52,490700.0
2006-01-23,94.9,95.38,94.28,94.48,315500.0,0.0,1.0,94.9,95.38,94.28,94.48,315500.0
2006-01-20,95.63,95.63,94.16,94.78,822200.0,0.0,1.0,95.63,95.63,94.16,94.78,822200.0
2006-01-19,95.2,95.37,94.5,95.37,402100.0,0.0,1.0,95.2,95.37,94.5,95.37,402100.0
2006-01-18,94.83,96.08,94.35,94.95,447300.0,0.0,1.0,94.83,96.08,94.35,94.95,447300.0
2006-01-17,95.61,95.77,94.73,94.93,470400.0,0.0,1.0,95.61,95.77,94.73,94.93,470400.0
2006-01-13,95.74,96.66,95.41,95.78,645300.0,0.0,1.0,95.74,96.66,95.41,95.78,645300.0
2006-01-12,95.5,98.0,95.38,95.93,2268300.0,0.0,1.0,95.5,98.0,95.38,95.93,2268300.0
2006-01-11,92.56,93.38,92.47,93.33,687600.0,0.0,1.0,92.56,93.38,92.47,93.33,687600.0
2006-01-10,92.22,92.77,91.75,92.46,479300.0,0.0,1.0,92.22,92.77,91.75,92.46,479300.0
2006-01-09,90.89,92.6,90.67,92.46,673700.0,0.0,1.0,90.89,92.6,90.67,92.46,673700.0
2006-01-06,92.23,92.7,90.82,91.01,436300.0,0.0,1.0,92.23,92.7,90.82,91.01,436300.0
2006-01-05,91.76,92.53,91.51,91.98,714800.0,0.0,1.0,91.76,92.53,91.51,91.98,714800.0
2006-01-04,92.76,93.42,91.52,91.9,664500.0,0.0,1.0,92.76,93.42,91.52,91.9,664500.0
2006-01-03,91.85,92.94,89.99,92.76,1056900.0,0.0,1.0,91.85,92.94,89.99,92.76,1056900.0
2005-12-30,92.17,92.9,91.54,91.75,375000.0,0.0,1.0,92.17,92.9,91.54,91.75,375000.0
2005-12-29,91.8,92.97,91.56,92.39,586500.0,0.0,1.0,91.8,92.97,91.56,92.39,586500.0
2005-12-28,91.65,92.65,91.65,92.0,485200.0,0.0,1.0,91.65,92.65,91.65,92.0,485200.0
2005-12-27,92.64,92.99,91.55,91.58,459500.0,0.0,1.0,92.64,92.99,91.55,91.58,459500.0
2005-12-23,92.22,92.93,92.07,92.42,454500.0,0.0,1.0,92.22,92.93,92.07,92.42,454500.0
2005-12-22,92.45,92.7,91.76,92.1,338400.0,0.0,1.0,92.45,92.7,91.76,92.1,338400.0
2005-12-21,92.72,93.55,92.13,92.2,582400.0,0.0,1.0,92.72,93.55,92.13,92.2,582400.0
2005-12-20,91.97,93.12,91.56,92.62,905100.0,0.0,1.0,91.97,93.12,91.56,92.62,905100.0
2005-12-19,92.18,93.14,91.41,91.98,1006300.0,0.0,1.0,92.18,93.14,91.41,91.98,1006300.0
2005-12-16,92.95,93.49,91.97,92.16,889000.0,0.0,1.0,92.95,93.49,91.97,92.16,889000.0
2005-12-15,94.66,94.76,92.59,92.83,821400.0,0.0,1.0,94.66,94.76,92.59,92.83,821400.0
2005-12-14,92.55,94.97,92.55,94.56,1396100.0,0.0,1.0,92.55,94.97,92.55,94.56,1396100.0
2005-12-13,92.85,93.05,91.44,92.53,1298900.0,0.0,1.0,92.85,93.05,91.44,92.53,1298900.0
2005-12-12,94.63,94.69,92.95,92.95,749000.0,0.0,1.0,94.63,94.69,92.95,92.95,749000.0
2005-12-09,94.15,94.63,92.9,94.28,671200.0,0.0,1.0,94.15,94.63,92.9,94.28,671200.0
2005-12-08,94.26,95.49,93.68,94.03,1645000.0,0.0,1.0,94.26,95.49,93.68,94.03,1645000.0
2005-12-07,92.7,94.25,92.1,94.16,1921900.0,0.0,1.0,92.7,94.25,92.1,94.16,1921900.0
2005-12-06,87.25,93.28,87.25,92.75,3169100.0,0.0,1.0,87.25,93.28,87.25,92.75,3169100.0
2005-12-05,88.6,88.6,86.5,86.95,720700.0,0.0,1.0,88.6,88.6,86.5,86.95,720700.0
2005-12-02,89.15,89.19,88.3,89.04,769700.0,0.0,1.0,89.15,89.19,88.3,89.04,769700.0
2005-12-01,89.06,89.83,88.24,89.45,957300.0,0.0,1.0,89.06,89.83,88.24,89.45,957300.0
2005-11-30,88.25,89.13,88.07,89.06,1197500.0,0.0,1.0,88.25,89.13,88.07,89.06,1197500.0
2005-11-29,88.25,88.53,87.85,88.0,992000.0,0.0,1.0,88.25,88.53,87.85,88.0,992000.0
2005-11-28,88.94,89.04,87.87,88.0,901000.0,0.0,1.0,88.94,89.04,87.87,88.0,901000.0
2005-11-25,88.86,89.15,88.02,88.94,148400.0,0.0,1.0,88.86,89.15,88.02,88.94,148400.0
2005-11-23,88.57,89.14,88.25,88.61,697600.0,0.0,1.0,88.57,89.14,88.25,88.61,697600.0
2005-11-22,88.44,88.58,87.8,88.52,889900.0,0.0,1.0,88.44,88.58,87.8,88.52,889900.0
2005-11-21,87.9,89.34,87.7,89.22,919800.0,0.0,1.0,87.9,89.34,87.7,89.22,919800.0
2005-11-18,88.85,88.88,87.35,88.1,869800.0,0.0,1.0,88.85,88.88,87.35,88.1,869800.0
2005-11-17,85.95,88.03,85.63,88.01,871900.0,0.0,1.0,85.95,88.03,85.63,88.01,871900.0
2005-11-16,85.65,86.05,85.25,85.88,317500.0,0.0,1.0,85.65,86.05,85.25,85.88,317500.0
2005-11-15,86.23,86.34,84.92,85.31,648000.0,0.0,1.0,86.23,86.34,84.92,85.31,648000.0
2005-11-14,86.42,86.67,85.6,86.07,761800.0,0.0,1.0,86.42,86.67,85.6,86.07,761800.0
2005-11-11,86.24,86.75,85.7,86.74,646900.0,0.0,1.0,86.24,86.75,85.7,86.74,646900.0
2005-11-10,85.66,86.86,84.84,86.23,832900.0,0.0,1.0,85.66,86.86,84.84,86.23,832900.0
2005-11-09,86.31,87.09,85.48,85.65,1057700.0,0.0,1.0,86.31,87.09,85.48,85.65,1057700.0
2005-11-08,87.51,87.51,86.25,86.41,1082400.0,0.0,1.0,87.51,87.51,86.25,86.41,1082400.0
2005-11-07,86.54,88.13,86.54,87.65,1280000.0,0.0,1.0,86.54,88.13,86.54,87.65,1280000.0
2005-11-04,87.25,87.74,85.66,86.04,608400.0,0.0,1.0,87.25,87.74,85.66,86.04,608400.0
2005-11-03,86.1,86.85,85.72,86.5,1722600.0,0.0,1.0,86.1,86.85,85.72,86.5,1722600.0
2005-11-02,82.75,85.96,82.62,85.29,3330100.0,0.0,1.0,82.75,85.96,82.62,85.29,3330100.0
2005-11-01,80.8,81.2,80.15,80.5,1155000.0,0.0,1.0,80.8,81.2,80.15,80.5,1155000.0
2005-10-31,79.96,82.21,79.94,80.9,1384600.0,0.0,1.0,79.96,82.21,79.94,80.9,1384600.0
2005-10-28,77.77,79.78,77.77,79.73,2421100.0,0.0,1.0,77.77,79.78,77.77,79.73,2421100.0
2005-10-27,79.3,79.57,77.76,77.76,792600.0,0.0,1.0,79.3,79.57,77.76,77.76,792600.0
2005-10-26,79.15,79.98,78.21,79.5,1157600.0,0.0,1.0,79.15,79.98,78.21,79.5,1157600.0
2005-10-25,79.5,79.85,78.22,78.96,635100.0,0.0,1.0,79.5,79.85,78.22,78.96,635100.0
2005-10-24,78.5,80.17,78.45,79.5,1247000.0,0.0,1.0,78.5,80.17,78.45,79.5,1247000.0
2005-10-21,79.8,80.02,78.12,78.4,1297700.0,0.0,1.0,79.8,80.02,78.12,78.4,1297700.0
2005-10-20,80.85,81.45,78.71,78.98,1756100.0,0.0,1.0,80.85,81.45,78.71,78.98,1756100.0
2005-10-19,80.04,81.23,78.89,81.1,1432700.0,0.0,1.0,80.04,81.23,78.89,81.1,1432700.0
2005-10-18,82.2,82.25,80.0,80.24,1124600.0,0.0,1.0,82.2,82.25,80.0,80.24,1124600.0
2005-10-17,82.6,82.6,81.59,82.19,625500.0,0.0,1.0,82.6,82.6,81.59,82.19,625500.0
2005-10-14,81.49,82.4,81.2,82.0,970700.0,0.0,1.0,81.49,82.4,81.2,82.0,970700.0
2005-10-13,80.77,81.76,80.0,81.45,897100.0,0.0,1.0,80.77,81.76,80.0,81.45,897100.0
2005-10-12,81.95,82.17,79.98,80.82,1488700.0,0.0,1.0,81.95,82.17,79.98,80.82,1488700.0
2005-10-11,81.7,82.78,81.7,82.18,1106500.0,0.0,1.0,81.7,82.78,81.7,82.18,1106500.0
2005-10-10,82.32,82.68,81.24,81.35,606500.0,0.0,1.0,82.32,82.68,81.24,81.35,606500.0
2005-10-07,82.78,83.79,81.96,82.32,876900.0,0.0,1.0,82.78,83.79,81.96,82.32,876900.0
2005-10-06,81.86,84.51,81.37,82.18,1568200.0,0.0,1.0,81.86,84.51,81.37,82.18,1568200.0
2005-10-05,82.77,82.91,81.3,81.36,1558700.0,0.0,1.0,82.77,82.91,81.3,81.36,1558700.0
2005-10-04,82.78,83.46,82.6,82.77,1191900.0,0.0,1.0,82.78,83.46,82.6,82.77,1191900.0
2005-10-03,83.26,83.99,82.4,82.58,1674100.0,0.0,1.0,83.26,83.99,82.4,82.58,1674100.0
2005-09-30,86.0,86.01,83.24,83.25,3513700.0,0.0,1.0,86.0,86.01,83.24,83.25,3513700.0
2005-09-29,86.95,87.17,86.16,86.85,763000.0,0.0,1.0,86.95,87.17,86.16,86.85,763000.0
2005-09-28,88.21,88.29,86.7,86.74,1019800.0,0.0,1.0,88.21,88.29,86.7,86.74,1019800.0
2005-09-27,88.27,89.1,87.76,87.76,1052300.0,0.0,1.0,88.27,89.1,87.76,87.76,1052300.0
2005-09-26,88.34,88.77,87.75,88.25,1346200.0,0.0,1.0,88.34,88.77,87.75,88.25,1346200.0
2005-09-23,88.55,89.39,87.76,88.06,1072200.0,0.0,1.0,88.55,89.39,87.76,88.06,1072200.0
2005-09-22,86.95,89.4,86.0,88.72,2371800.0,0.0,1.0,86.95,89.4,86.0,88.72,2371800.0
2005-09-21,85.5,86.76,83.66,86.11,4277300.0,0.0,1.0,85.5,86.76,83.66,86.11,4277300.0
2005-09-20,91.61,92.57,89.61,90.27,1591900.0,0.0,1.0,91.61,92.57,89.61,90.27,1591900.0
2005-09-19,92.83,92.83,91.33,91.51,954000.0,0.0,1.0,92.83,92.83,91.33,91.51,954000.0
2005-09-16,93.31,94.04,92.95,93.02,1393300.0,0.0,1.0,93.31,94.04,92.95,93.02,1393300.0
2005-09-15,93.7,94.01,92.91,93.3,743700.0,0.0,1.0,93.7,94.01,92.91,93.3,743700.0
2005-09-14,94.34,94.96,93.54,93.56,548200.0,0.0,1.0,94.34,94.96,93.54,93.56,548200.0
2005-09-13,96.75,96.85,94.15,94.24,688100.0,0.0,1.0,96.75,96.85,94.15,94.24,688100.0
2005-09-12,95.46,97.08,95.0,96.87,489500.0,0.0,1.0,95.46,97.08,95.0,96.87,489500.0
2005-09-09,94.83,95.81,94.35,95.46,423100.0,0.0,1.0,94.83,95.81,94.35,95.46,423100.0
2005-09-08,95.6,95.6,93.59,94.72,753500.0,0.0,1.0,95.6,95.6,93.59,94.72,753500.0
2005-09-07,95.47,96.48,95.2,96.3,613100.0,0.0,1.0,95.47,96.48,95.2,96.3,613100.0
2005-09-06,93.25,95.15,92.65,94.98,817200.0,0.0,1.0,93.25,95.15,92.65,94.98,817200.0
2005-09-02,93.25,93.69,91.9,92.65,794200.0,0.0,1.0,93.25,93.69,91.9,92.65,794200.0
2005-09-01,94.3,94.7,93.36,93.39,1256300.0,0.0,1.0,94.3,94.7,93.36,93.39,1256300.0
2005-08-31,93.95,94.63,93.12,94.5,848900.0,0.0,1.0,93.95,94.63,93.12,94.5,848900.0
2005-08-30,95.07,95.07,92.95,93.9,754400.0,0.0,1.0,95.07,95.07,92.95,93.9,754400.0
2005-08-29,95.45,95.45,94.1,95.37,593000.0,0.0,1.0,95.45,95.45,94.1,95.37,593000.0
2005-08-26,96.75,97.04,95.31,95.45,453100.0,0.0,1.0,96.75,97.04,95.31,95.45,453100.0
2005-08-25,95.95,97.4,95.5,96.92,657600.0,0.0,1.0,95.95,97.4,95.5,96.92,657600.0
2005-08-24,95.7,97.06,95.29,95.99,655400.0,0.0,1.0,95.7,97.06,95.29,95.99,655400.0
2005-08-23,95.4,96.16,95.15,95.7,752400.0,0.0,1.0,95.4,96.16,95.15,95.7,752400.0
2005-08-22,95.89,96.74,94.59,95.07,713500.0,0.0,1.0,95.89,96.74,94.59,95.07,713500.0
2005-08-19,98.3,98.31,95.52,95.64,1119400.0,0.0,1.0,98.3,98.31,95.52,95.64,1119400.0
2005-08-18,97.9,98.9,97.16,98.29,363400.0,0.0,1.0,97.9,98.9,97.16,98.29,363400.0
2005-08-17,97.56,98.65,97.11,98.24,362200.0,0.0,1.0,97.56,98.65,97.11,98.24,362200.0
2005-08-16,99.06,99.07,97.85,98.1,683200.0,0.0,1.0,99.06,99.07,97.85,98.1,683200.0
2005-08-15,98.57,99.16,97.77,99.16,453900.0,0.0,1.0,98.57,99.16,97.77,99.16,453900.0
2005-08-12,99.07,99.07,97.3,98.34,708700.0,0.0,1.0,99.07,99.07,97.3,98.34,708700.0
2005-08-11,99.76,99.9,98.57,99.07,819500.0,0.0,1.0,99.76,99.9,98.57,99.07,819500.0
2005-08-10,101.04,101.83,99.95,100.19,505400.0,0.0,1.0,101.04,101.83,99.95,100.19,505400.0
2005-08-09,99.98,100.95,99.75,100.69,469800.0,0.0,1.0,99.98,100.95,99.75,100.69,469800.0
2005-08-08,100.66,101.7,99.53,99.8,437700.0,0.0,1.0,100.66,101.7,99.53,99.8,437700.0
2005-08-05,102.0,102.22,100.4,100.49,506100.0,0.0,1.0,102.0,102.22,100.4,100.49,506100.0
2005-08-04,103.2,103.45,101.4,101.9,958400.0,0.0,1.0,103.2,103.45,101.4,101.9,958400.0
2005-08-03,101.0,103.94,100.8,103.8,2187900.0,0.0,1.0,101.0,103.94,100.8,103.8,2187900.0
2005-08-02,97.89,98.93,97.4,98.76,362100.0,0.0,1.0,97.89,98.93,97.4,98.76,362100.0
2005-08-01,97.65,99.05,97.63,97.89,416500.0,0.0,1.0,97.65,99.05,97.63,97.89,416500.0
2005-07-29,99.56,99.56,97.25,97.44,509000.0,0.0,1.0,99.56,99.56,97.25,97.44,509000.0
2005-07-28,97.95,99.87,97.83,99.38,571600.0,0.0,1.0,97.95,99.87,97.83,99.38,571600.0
2005-07-27,97.7,97.87,97.12,97.85,436500.0,0.0,1.0,97.7,97.87,97.12,97.85,436500.0
2005-07-26,98.18,98.18,97.32,97.61,467700.0,0.0,1.0,98.18,98.18,97.32,97.61,467700.0
2005-07-25,99.22,99.23,98.13,98.13,494100.0,0.0,1.0,99.22,99.23,98.13,98.13,494100.0
2005-07-22,98.41,99.22,98.33,99.14,389100.0,0.0,1.0,98.41,99.22,98.33,99.14,389100.0
2005-07-21,99.34,99.36,97.59,98.36,783100.0,0.0,1.0,99.34,99.36,97.59,98.36,783100.0
2005-07-20,98.55,99.59,98.46,99.35,518800.0,0.0,1.0,98.55,99.59,98.46,99.35,518800.0
2005-07-19,98.65,99.15,98.24,98.8,738100.0,0.0,1.0,98.65,99.15,98.24,98.8,738100.0
2005-07-18,97.85,98.41,97.53,98.4,651000.0,0.0,1.0,97.85,98.41,97.53,98.4,651000.0
2005-07-15,97.92,98.42,97.6,98.1,551500.0,0.0,1.0,97.92,98.42,97.6,98.1,551500.0
2005-07-14,98.27,98.57,97.59,98.08,514700.0,0.0,1.0,98.27,98.57,97.59,98.08,514700.0
2005-07-13,97.58,98.04,97.41,98.02,406300.0,0.0,1.0,97.58,98.04,97.41,98.02,406300.0
2005-07-12,97.13,97.9,96.89,97.62,759000.0,0.0,1.0,97.13,97.9,96.89,97.62,759000.0
2005-07-11,97.05,97.35,96.8,97.13,626800.0,0.0,1.0,97.05,97.35,96.8,97.13,626800.0
2005-07-08,95.7,97.13,95.65,96.9,937200.0,0.0,1.0,95.7,97.13,95.65,96.9,937200.0
2005-07-07,94.88,95.74,94.35,95.74,918800.0,0.0,1.0,94.88,95.74,94.35,95.74,918800.0
2005-07-06,95.01,95.36,94.47,95.1,948900.0,0.0,1.0,95.01,95.36,94.47,95.1,948900.0
2005-07-05,93.65,95.17,93.62,95.04,696500.0,0.0,1.0,93.65,95.17,93.62,95.04,696500.0
2005-07-01,92.7,93.32,92.06,93.19,415900.0,0.0,1.0,92.7,93.32,92.06,93.19,415900.0
2005-06-30,94.5,94.87,92.38,92.46,885000.0,0.0,1.0,94.5,94.87,92.38,92.46,885000.0
2005-06-29,93.56,94.57,93.12,94.08,964600.0,0.0,1.0,93.56,94.57,93.12,94.08,964600.0
2005-06-28,91.82,94.95,91.82,93.56,892400.0,0.0,1.0,91.82,94.95,91.82,93.56,892400.0
2005-06-27,90.94,91.87,90.55,91.42,500600.0,0.0,1.0,90.94,91.87,90.55,91.42,500600.0
2005-06-24,91.6,91.61,90.2,90.78,749300.0,0.0,1.0,91.6,91.61,90.2,90.78,749300.0
2005-06-23,93.2,93.65,90.95,91.66,1157600.0,0.0,1.0,93.2,93.65,90.95,91.66,1157600.0
2005-06-22,94.78,94.79,92.97,93.22,850500.0,0.0,1.0,94.78,94.79,92.97,93.22,850500.0
2005-06-21,94.65,95.04,93.95,94.43,824000.0,0.0,1.0,94.65,95.04,93.95,94.43,824000.0
2005-06-20,93.9,94.98,93.31,94.79,584000.0,0.0,1.0,93.9,94.98,93.31,94.79,584000.0
2005-06-17,95.91,95.91,93.46,94.0,1169400.0,0.0,1.0,95.91,95.91,93.46,94.0,1169400.0
2005-06-16,94.21,95.29,93.76,95.19,865200.0,0.0,1.0,94.21,95.29,93.76,95.19,865200.0
2005-06-15,94.43,94.69,93.03,94.27,754300.0,0.0,1.0,94.43,94.69,93.03,94.27,754300.0
2005-06-14,91.71,94.51,91.51,94.42,1022000.0,0.0,1.0,91.71,94.51,91.51,94.42,1022000.0
2005-06-13,91.51,92.59,91.31,91.61,456600.0,0.0,1.0,91.51,92.59,91.31,91.61,456600.0
2005-06-10,91.85,92.46,91.05,91.48,508600.0,0.0,1.0,91.85,92.46,91.05,91.48,508600.0
2005-06-09,91.4,92.29,91.16,91.99,718800.0,0.0,1.0,91.4,92.29,91.16,91.99,718800.0
2005-06-08,92.17,92.67,91.24,91.39,555900.0,0.0,1.0,92.17,92.67,91.24,91.39,555900.0
2005-06-07,91.61,92.95,91.37,92.16,554100.0,0.0,1.0,91.61,92.95,91.37,92.16,554100.0
2005-06-06,91.75,92.0,91.38,91.61,457200.0,0.0,1.0,91.75,92.0,91.38,91.61,457200.0
2005-06-03,91.99,92.98,91.43,91.76,767200.0,0.0,1.0,91.99,92.98,91.43,91.76,767200.0
2005-06-02,91.0,92.26,90.7,91.98,581400.0,0.0,1.0,91.0,92.26,90.7,91.98,581400.0
2005-06-01,90.45,92.5,90.23,91.12,883700.0,0.0,1.0,90.45,92.5,90.23,91.12,883700.0
2005-05-31,90.66,90.85,89.9,90.52,868900.0,0.0,1.0,90.66,90.85,89.9,90.52,868900.0
2005-05-27,88.41,90.83,87.94,90.66,1084500.0,0.0,1.0,88.41,90.83,87.94,90.66,1084500.0
2005-05-26,87.05,88.54,86.5,88.41,1373500.0,0.0,1.0,87.05,88.54,86.5,88.41,1373500.0
2005-05-25,86.0,88.25,85.0,86.8,2112400.0,0.0,1.0,86.0,88.25,85.0,86.8,2112400.0
2005-05-24,88.5,88.55,86.27,87.21,1321100.0,0.0,1.0,88.5,88.55,86.27,87.21,1321100.0
2005-05-23,89.05,89.5,88.35,88.7,579100.0,0.0,1.0,89.05,89.5,88.35,88.7,579100.0
2005-05-20,89.97,89.99,87.86,88.83,797500.0,0.0,1.0,89.97,89.99,87.86,88.83,797500.0
2005-05-19,88.4,90.14,87.9,89.89,2215500.0,0.0,1.0,88.4,90.14,87.9,89.89,2215500.0
2005-05-18,84.45,87.72,84.45,87.68,998200.0,0.0,1.0,84.45,87.72,84.45,87.68,998200.0
2005-05-17,83.0,84.31,82.99,84.25,500600.0,0.0,1.0,83.0,84.31,82.99,84.25,500600.0
2005-05-16,82.79,83.6,82.63,83.0,619500.0,0.0,1.0,82.79,83.6,82.63,83.0,619500.0
2005-05-13,83.83,83.83,82.21,82.72,716800.0,0.0,1.0,83.83,83.83,82.21,82.72,716800.0
2005-05-12,84.65,84.8,83.71,83.84,706900.0,0.0,1.0,84.65,84.8,83.71,83.84,706900.0
2005-05-11,84.71,85.22,84.23,84.53,595300.0,0.0,1.0,84.71,85.22,84.23,84.53,595300.0
2005-05-10,85.3,85.44,84.24,84.61,389900.0,0.0,1.0,85.3,85.44,84.24,84.61,389900.0
2005-05-09,84.6,85.39,84.6,85.35,472000.0,0.0,1.0,84.6,85.39,84.6,85.35,472000.0
2005-05-06,85.51,85.67,84.57,84.77,506300.0,0.0,1.0,85.51,85.67,84.57,84.77,506300.0
2005-05-05,85.55,86.1,84.96,85.35,405600.0,0.0,1.0,85.55,86.1,84.96,85.35,405600.0
2005-05-04,84.45,85.54,84.31,85.45,423000.0,0.0,1.0,84.45,85.54,84.31,85.45,423000.0
2005-05-03,83.95,84.91,83.68,84.31,447600.0,0.0,1.0,83.95,84.91,83.68,84.31,447600.0
2005-05-02,83.0,84.62,83.0,83.83,562100.0,0.0,1.0,83.0,84.62,83.0,83.83,562100.0
2005-04-29,82.8,83.0,81.06,83.0,632900.0,0.0,1.0,82.8,83.0,81.06,83.0,632900.0
2005-04-28,84.31,84.31,82.58,82.69,703600.0,0.0,1.0,84.31,84.31,82.58,82.69,703600.0
2005-04-27,82.85,84.71,82.41,84.31,624300.0,0.0,1.0,82.85,84.71,82.41,84.31,624300.0
2005-04-26,83.26,84.0,82.5,83.0,929200.0,0.0,1.0,83.26,84.0,82.5,83.0,929200.0
2005-04-25,82.34,83.32,82.1,83.16,598300.0,0.0,1.0,82.34,83.32,82.1,83.16,598300.0
2005-04-22,83.08,83.08,82.03,82.34,573000.0,0.0,1.0,83.08,83.08,82.03,82.34,573000.0
2005-04-21,83.13,83.57,82.71,83.07,597100.0,0.0,1.0,83.13,83.57,82.71,83.07,597100.0
2005-04-20,83.6,83.63,82.61,82.72,476500.0,0.0,1.0,83.6,83.63,82.61,82.72,476500.0
2005-04-19,83.35,83.7,82.6,83.47,654200.0,0.0,1.0,83.35,83.7,82.6,83.47,654200.0
2005-04-18,82.68,83.46,82.51,83.23,966800.0,0.0,1.0,82.68,83.46,82.51,83.23,966800.0
2005-04-15,83.58,83.99,82.42,82.78,997000.0,0.0,1.0,83.58,83.99,82.42,82.78,997000.0
2005-04-14,84.4,84.78,83.83,83.99,1294200.0,0.0,1.0,84.4,84.78,83.83,83.99,1294200.0
2005-04-13,85.41,85.7,84.44,84.59,619500.0,0.0,1.0,85.41,85.7,84.44,84.59,619500.0
2005-04-12,85.35,85.74,84.42,85.51,897500.0,0.0,1.0,85.35,85.74,84.42,85.51,897500.0
2005-04-11,85.47,85.8,85.08,85.48,443100.0,0.0,1.0,85.47,85.8,85.08,85.48,443100.0
2005-04-08,86.88,87.2,85.21,85.29,835700.0,0.0,1.0,86.88,87.2,85.21,85.29,835700.0
2005-04-07,86.77,87.18,86.26,86.9,913000.0,0.0,1.0,86.77,87.18,86.26,86.9,913000.0
2005-04-06,87.22,87.44,86.54,86.55,707900.0,0.0,1.0,87.22,87.44,86.54,86.55,707900.0
2005-04-05,85.62,88.55,85.62,87.2,795700.0,0.0,1.0,85.62,88.55,85.62,87.2,795700.0
2005-04-04,84.96,85.58,84.5,85.34,507700.0,0.0,1.0,84.96,85.58,84.5,85.34,507700.0
2005-04-01,85.78,86.48,84.28,85.03,1109000.0,0.0,1.0,85.78,86.48,84.28,85.03,1109000.0
2005-03-31,85.0,86.21,84.99,85.7,844300.0,0.0,1.0,85.0,86.21,84.99,85.7,844300.0
2005-03-30,83.89,85.04,83.6,84.88,1258900.0,0.0,1.0,83.89,85.04,83.6,84.88,1258900.0
2005-03-29,84.75,84.85,83.67,83.8,1365600.0,0.0,1.0,84.75,84.85,83.67,83.8,1365600.0
2005-03-28,85.18,85.49,84.55,84.99,1040100.0,0.0,1.0,85.18,85.49,84.55,84.99,1040100.0
2005-03-24,85.17,85.61,84.94,85.18,782300.0,0.0,1.0,85.17,85.61,84.94,85.18,782300.0
2005-03-23,84.53,85.28,84.53,85.13,633700.0,0.0,1.0,84.53,85.28,84.53,85.13,633700.0
2005-03-22,85.38,85.75,84.96,84.96,1193800.0,0.0,1.0,85.38,85.75,84.96,84.96,1193800.0
2005-03-21,86.53,86.53,85.09,85.23,1349000.0,0.0,1.0,86.53,86.53,85.09,85.23,1349000.0
2005-03-18,87.23,87.45,86.33,86.52,1943500.0,0.0,1.0,87.23,87.45,86.33,86.52,1943500.0
2005-03-17,87.6,87.66,86.8,87.23,1388600.0,0.0,1.0,87.6,87.66,86.8,87.23,1388600.0
2005-03-16,85.01,87.51,84.25,87.0,2967400.0,0.0,1.0,85.01,87.51,84.25,87.0,2967400.0
2005-03-15,85.9,86.61,85.03,85.25,2774400.0,0.0,1.0,85.9,86.61,85.03,85.25,2774400.0
2005-03-14,93.5,95.98,85.01,85.75,9462800.0,0.0,1.0,93.5,95.98,85.01,85.75,9462800.0
2005-03-11,98.16,99.12,97.85,98.3,733500.0,0.0,1.0,98.16,99.12,97.85,98.3,733500.0
2005-03-10,97.25,98.74,97.11,98.06,557300.0,0.0,1.0,97.25,98.74,97.11,98.06,557300.0
2005-03-09,98.75,98.83,96.94,97.03,757300.0,0.0,1.0,98.75,98.83,96.94,97.03,757300.0
2005-03-08,98.8,99.35,98.67,98.97,628900.0,0.0,1.0,98.8,99.35,98.67,98.97,628900.0
2005-03-07,98.41,99.5,98.0,99.0,740400.0,0.0,1.0,98.41,99.5,98.0,99.0,740400.0
2005-03-04,99.1,99.21,97.14,98.4,1269800.0,0.0,1.0,99.1,99.21,97.14,98.4,1269800.0
2005-03-03,98.33,98.85,98.05,98.37,735000.0,0.0,1.0,98.33,98.85,98.05,98.37,735000.0
2005-03-02,95.8,99.9,95.72,98.33,1999900.0,0.0,1.0,95.8,99.9,95.72,98.33,1999900.0
2005-03-01,96.94,97.5,96.9,97.33,769800.0,0.0,1.0,96.94,97.5,96.9,97.33,769800.0
2005-02-28,96.85,97.0,95.72,96.9,677700.0,0.0,1.0,96.85,97.0,95.72,96.9,677700.0
2005-02-25,95.76,97.09,95.76,96.89,583400.0,0.0,1.0,95.76,97.09,95.76,96.89,583400.0
2005-02-24,94.45,95.76,93.01,95.76,693300.0,0.0,1.0,94.45,95.76,93.01,95.76,693300.0
2005-02-23,93.3,94.58,93.1,94.46,483300.0,0.0,1.0,93.3,94.58,93.1,94.46,483300.0
2005-02-22,94.99,94.99,92.9,93.06,544700.0,0.0,1.0,94.99,94.99,92.9,93.06,544700.0
2005-02-18,96.15,96.15,94.85,94.99,610400.0,0.0,1.0,96.15,96.15,94.85,94.99,610400.0
2005-02-17,96.4,97.97,95.88,95.94,1003200.0,0.0,1.0,96.4,97.97,95.88,95.94,1003200.0
2005-02-16,95.22,95.67,94.54,95.08,387500.0,0.0,1.0,95.22,95.67,94.54,95.08,387500.0
2005-02-15,95.01,95.9,94.77,95.14,355200.0,0.0,1.0,95.01,95.9,94.77,95.14,355200.0
2005-02-14,94.7,95.21,94.18,95.0,251800.0,0.0,1.0,94.7,95.21,94.18,95.0,251800.0
2005-02-11,94.5,95.32,94.03,94.93,336600.0,0.0,1.0,94.5,95.32,94.03,94.93,336600.0
2005-02-10,94.0,94.56,93.65,94.5,251500.0,0.0,1.0,94.0,94.56,93.65,94.5,251500.0
2005-02-09,95.02,95.25,93.84,93.88,276400.0,0.0,1.0,95.02,95.25,93.84,93.88,276400.0
2005-02-08,94.95,95.41,94.49,95.02,409800.0,0.0,1.0,94.95,95.41,94.49,95.02,409800.0
2005-02-07,95.96,96.25,95.18,95.28,294700.0,0.0,1.0,95.96,96.25,95.18,95.28,294700.0
2005-02-04,93.45,96.06,93.15,95.95,1098000.0,0.0,1.0,93.45,96.06,93.15,95.95,1098000.0
2005-02-03,91.49,93.71,91.49,93.35,1068800.0,0.0,1.0,91.49,93.71,91.49,93.35,1068800.0
2005-02-02,89.51,91.79,89.51,91.6,1071600.0,0.0,1.0,89.51,91.79,89.51,91.6,1071600.0
2005-02-01,89.35,90.13,88.96,89.75,1022100.0,0.0,1.0,89.35,90.13,88.96,89.75,1022100.0
2005-01-31,88.75,89.43,88.52,89.25,694400.0,0.0,1.0,88.75,89.43,88.52,89.25,694400.0
2005-01-28,89.82,89.91,88.01,88.55,613300.0,0.0,1.0,89.82,89.91,88.01,88.55,613300.0
2005-01-27,89.94,90.27,89.24,89.7,383600.0,0.0,1.0,89.94,90.27,89.24,89.7,383600.0
2005-01-26,89.65,90.0,89.12,89.93,625800.0,0.0,1.0,89.65,90.0,89.12,89.93,625800.0
2005-01-25,89.22,89.97,89.01,89.62,408100.0,0.0,1.0,89.22,89.97,89.01,89.62,408100.0
2005-01-24,89.98,90.2,88.9,89.05,731100.0,0.0,1.0,89.98,90.2,88.9,89.05,731100.0
2005-01-21,90.27,91.18,89.91,90.03,631800.0,0.0,1.0,90.27,91.18,89.91,90.03,631800.0
2005-01-20,89.6,90.71,89.4,90.27,1175600.0,0.0,1.0,89.6,90.71,89.4,90.27,1175600.0
2005-01-19,91.3,91.44,90.99,91.17,540000.0,0.0,1.0,91.3,91.44,90.99,91.17,540000.0
2005-01-18,90.69,91.38,90.15,91.25,663500.0,0.0,1.0,90.69,91.38,90.15,91.25,663500.0
2005-01-14,90.42,90.74,90.23,90.69,538900.0,0.0,1.0,90.42,90.74,90.23,90.69,538900.0
2005-01-13,90.52,91.03,90.17,90.41,900100.0,0.0,1.0,90.52,91.03,90.17,90.41,900100.0
2005-01-12,90.31,90.7,90.08,90.41,644300.0,0.0,1.0,90.31,90.7,90.08,90.41,644300.0
2005-01-11,90.74,90.8,89.63,90.41,448000.0,0.0,1.0,90.74,90.8,89.63,90.41,448000.0
2005-01-10,89.78,91.13,89.73,90.74,793300.0,0.0,1.0,89.78,91.13,89.73,90.74,793300.0
2005-01-07,89.73,90.5,89.55,89.73,429100.0,0.0,1.0,89.73,90.5,89.55,89.73,429100.0
2005-01-06,90.2,90.55,89.5,89.55,482700.0,0.0,1.0,90.2,90.55,89.5,89.55,482700.0
2005-01-05,89.5,90.77,88.85,90.29,819700.0,0.0,1.0,89.5,90.77,88.85,90.29,819700.0
2005-01-04,91.0,91.5,89.7,89.7,656100.0,0.0,1.0,91.0,91.5,89.7,89.7,656100.0
2005-01-03,91.31,92.82,90.62,90.75,1005700.0,0.0,1.0,91.31,92.82,90.62,90.75,1005700.0
2004-12-31,90.69,92.35,90.43,91.31,641700.0,0.0,1.0,90.69,92.35,90.43,91.31,641700.0
2004-12-30,90.25,90.91,90.0,90.69,287600.0,0.0,1.0,90.25,90.91,90.0,90.69,287600.0
2004-12-29,89.82,90.42,89.71,90.4,251600.0,0.0,1.0,89.82,90.42,89.71,90.4,251600.0
2004-12-28,89.53,89.85,89.02,89.82,310100.0,0.0,1.0,89.53,89.85,89.02,89.82,310100.0
2004-12-27,90.38,90.61,89.21,89.28,257000.0,0.0,1.0,90.38,90.61,89.21,89.28,257000.0
2004-12-23,91.09,91.54,89.76,90.13,400300.0,0.0,1.0,91.09,91.54,89.76,90.13,400300.0
2004-12-22,89.61,91.09,89.4,91.09,588100.0,0.0,1.0,89.61,91.09,89.4,91.09,588100.0
2004-12-21,89.0,89.88,88.3,89.6,509400.0,0.0,1.0,89.0,89.88,88.3,89.6,509400.0
2004-12-20,89.6,89.69,88.62,88.81,723000.0,0.0,1.0,89.6,89.69,88.62,88.81,723000.0
2004-12-17,88.75,89.54,88.74,89.25,1384600.0,0.0,1.0,88.75,89.54,88.74,89.25,1384600.0
2004-12-16,88.43,88.89,88.14,88.68,739300.0,0.0,1.0,88.43,88.89,88.14,88.68,739300.0
2004-12-15,88.5,89.3,87.68,88.37,727800.0,0.0,1.0,88.5,89.3,87.68,88.37,727800.0
2004-12-14,87.5,88.57,87.2,88.5,1031500.0,0.0,1.0,87.5,88.57,87.2,88.5,1031500.0
2004-12-13,88.95,89.32,87.05,87.28,1368400.0,0.0,1.0,88.95,89.32,87.05,87.28,1368400.0
2004-12-10,87.9,89.0,87.78,88.74,753000.0,0.0,1.0,87.9,89.0,87.78,88.74,753000.0
2004-12-09,84.05,88.28,84.05,88.1,1322200.0,0.0,1.0,84.05,88.28,84.05,88.1,1322200.0
2004-12-08,84.67,85.88,84.05,84.87,1292400.0,0.0,1.0,84.67,85.88,84.05,84.87,1292400.0
2004-12-07,84.86,85.03,84.02,84.67,861700.0,0.0,1.0,84.86,85.03,84.02,84.67,861700.0
2004-12-06,85.8,85.8,84.42,85.03,908000.0,0.0,1.0,85.8,85.8,84.42,85.03,908000.0
2004-12-03,87.98,88.08,85.61,86.14,1049000.0,0.0,1.0,87.98,88.08,85.61,86.14,1049000.0
2004-12-02,86.9,88.45,86.23,87.97,533500.0,0.0,1.0,86.9,88.45,86.23,87.97,533500.0
2004-12-01,85.6,87.4,85.6,87.05,556700.0,0.0,1.0,85.6,87.4,85.6,87.05,556700.0
2004-11-30,85.6,85.85,85.13,85.6,538800.0,0.0,1.0,85.6,85.85,85.13,85.6,538800.0
2004-11-29,86.83,87.0,85.57,85.75,709100.0,0.0,1.0,86.83,87.0,85.57,85.75,709100.0
2004-11-26,86.45,87.25,86.33,86.9,135300.0,0.0,1.0,86.45,87.25,86.33,86.9,135300.0
2004-11-24,87.0,87.1,86.05,86.45,376400.0,0.0,1.0,87.0,87.1,86.05,86.45,376400.0
2004-11-23,86.5,87.41,86.39,86.54,524800.0,0.0,1.0,86.5,87.41,86.39,86.54,524800.0
2004-11-22,86.0,87.24,85.97,86.6,518800.0,0.0,1.0,86.0,87.24,85.97,86.6,518800.0
2004-11-19,87.1,87.67,86.3,86.3,628900.0,0.0,1.0,87.1,87.67,86.3,86.3,628900.0
2004-11-18,87.41,88.05,86.53,87.1,654800.0,0.0,1.0,87.41,88.05,86.53,87.1,654800.0
2004-11-17,88.2,89.7,86.63,87.21,2328700.0,0.0,1.0,88.2,89.7,86.63,87.21,2328700.0
2004-11-16,86.5,86.5,84.63,85.72,612100.0,0.0,1.0,86.5,86.5,84.63,85.72,612100.0
2004-11-15,85.13,86.7,85.03,86.46,607500.0,0.0,1.0,85.13,86.7,85.03,86.46,607500.0
2004-11-12,84.6,85.24,84.47,85.13,357900.0,0.0,1.0,84.6,85.24,84.47,85.13,357900.0
2004-11-11,84.85,85.48,84.66,84.72,495800.0,0.0,1.0,84.85,85.48,84.66,84.72,495800.0
2004-11-10,84.5,85.3,84.46,84.68,323200.0,0.0,1.0,84.5,85.3,84.46,84.68,323200.0
2004-11-09,85.49,85.62,84.17,84.28,577900.0,0.0,1.0,85.49,85.62,84.17,84.28,577900.0
2004-11-08,85.58,85.74,85.02,85.34,374300.0,0.0,1.0,85.58,85.74,85.02,85.34,374300.0
2004-11-05,84.97,86.11,84.89,85.83,1059400.0,0.0,1.0,84.97,86.11,84.89,85.83,1059400.0
2004-11-04,83.25,84.77,82.96,84.72,891200.0,0.0,1.0,83.25,84.77,82.96,84.72,891200.0
2004-11-03,83.0,83.55,82.0,83.42,1063400.0,0.0,1.0,83.0,83.55,82.0,83.42,1063400.0
2004-11-02,81.96,82.35,81.24,81.8,844500.0,0.0,1.0,81.96,82.35,81.24,81.8,844500.0
2004-11-01,81.91,82.0,81.38,81.86,457500.0,0.0,1.0,81.91,82.0,81.38,81.86,457500.0
2004-10-29,81.75,82.09,81.6,81.81,667200.0,0.0,1.0,81.75,82.09,81.6,81.81,667200.0
2004-10-28,81.84,82.35,81.25,81.69,720700.0,0.0,1.0,81.84,82.35,81.25,81.69,720700.0
2004-10-27,81.35,82.6,80.81,82.09,549200.0,0.0,1.0,81.35,82.6,80.81,82.09,549200.0
2004-10-26,80.35,81.67,80.33,81.51,586700.0,0.0,1.0,80.35,81.67,80.33,81.51,586700.0
2004-10-25,80.0,80.24,79.4,80.1,450900.0,0.0,1.0,80.0,80.24,79.4,80.1,450900.0
2004-10-22,80.36,80.98,79.56,80.0,394900.0,0.0,1.0,80.36,80.98,79.56,80.0,394900.0
2004-10-21,80.5,81.0,80.04,80.61,469800.0,0.0,1.0,80.5,81.0,80.04,80.61,469800.0
2004-10-20,79.49,80.95,79.21,80.59,1076900.0,0.0,1.0,79.49,80.95,79.21,80.59,1076900.0
2004-10-19,79.75,80.39,78.91,78.91,801500.0,0.0,1.0,79.75,80.39,78.91,78.91,801500.0
2004-10-18,78.39,79.75,78.1,79.5,1000500.0,0.0,1.0,78.39,79.75,78.1,79.5,1000500.0
2004-10-15,76.51,78.56,76.51,78.27,1633700.0,0.0,1.0,76.51,78.56,76.51,78.27,1633700.0
2004-10-14,76.64,76.77,75.69,76.35,1014600.0,0.0,1.0,76.64,76.77,75.69,76.35,1014600.0
2004-10-13,77.55,77.87,76.33,76.64,512700.0,0.0,1.0,77.55,77.87,76.33,76.64,512700.0
2004-10-12,77.0,77.43,76.5,77.41,892600.0,0.0,1.0,77.0,77.43,76.5,77.41,892600.0
2004-10-11,76.99,77.12,76.61,77.0,268300.0,0.0,1.0,76.99,77.12,76.61,77.0,268300.0
2004-10-08,76.81,77.37,76.7,77.1,838500.0,0.0,1.0,76.81,77.37,76.7,77.1,838500.0
2004-10-07,77.25,77.67,76.35,76.8,839500.0,0.0,1.0,77.25,77.67,76.35,76.8,839500.0
2004-10-06,76.8,77.6,76.06,77.25,496500.0,0.0,1.0,76.8,77.6,76.06,77.25,496500.0
2004-10-05,77.0,77.85,76.65,77.25,589000.0,0.0,1.0,77.0,77.85,76.65,77.25,589000.0
2004-10-04,77.05,78.1,76.96,77.04,1751600.0,0.0,1.0,77.05,78.1,76.96,77.04,1751600.0
2004-10-01,77.9,78.1,76.99,77.05,1970200.0,0.0,1.0,77.9,78.1,76.99,77.05,1970200.0
2004-09-30,75.81,77.56,75.57,77.25,1569600.0,0.0,1.0,75.81,77.56,75.57,77.25,1569600.0
2004-09-29,75.91,75.91,75.37,75.81,589800.0,0.0,1.0,75.91,75.91,75.37,75.81,589800.0
2004-09-28,75.69,76.05,75.06,75.9,752000.0,0.0,1.0,75.69,76.05,75.06,75.9,752000.0
2004-09-27,75.73,76.32,75.19,75.64,925700.0,0.0,1.0,75.73,76.32,75.19,75.64,925700.0
2004-09-24,74.53,75.83,74.5,75.73,741100.0,0.0,1.0,74.53,75.83,74.5,75.73,741100.0
2004-09-23,74.76,74.77,73.84,74.73,982600.0,0.0,1.0,74.76,74.77,73.84,74.73,982600.0
2004-09-22,73.61,74.8,73.16,74.76,2969300.0,0.0,1.0,73.61,74.8,73.16,74.76,2969300.0
2004-09-21,75.36,76.1,75.28,75.6,758100.0,0.0,1.0,75.36,76.1,75.28,75.6,758100.0
2004-09-20,76.06,76.24,75.41,75.51,783500.0,0.0,1.0,76.06,76.24,75.41,75.51,783500.0
2004-09-17,76.25,76.5,75.6,76.05,681100.0,0.0,1.0,76.25,76.5,75.6,76.05,681100.0
2004-09-16,75.9,76.58,75.75,76.15,595400.0,0.0,1.0,75.9,76.58,75.75,76.15,595400.0
2004-09-15,77.0,77.08,75.93,75.93,539100.0,0.0,1.0,77.0,77.08,75.93,75.93,539100.0
2004-09-14,76.5,77.06,76.01,77.03,763900.0,0.0,1.0,76.5,77.06,76.01,77.03,763900.0
2004-09-13,75.33,76.79,75.18,76.4,499000.0,0.0,1.0,75.33,76.79,75.18,76.4,499000.0
2004-09-10,75.1,75.69,74.93,75.48,554700.0,0.0,1.0,75.1,75.69,74.93,75.48,554700.0
2004-09-09,76.61,76.99,74.87,74.94,656000.0,0.0,1.0,76.61,76.99,74.87,74.94,656000.0
2004-09-08,75.52,78.49,75.47,76.6,1096500.0,0.0,1.0,75.52,78.49,75.47,76.6,1096500.0
2004-09-07,75.85,76.31,75.2,75.51,433700.0,0.0,1.0,75.85,76.31,75.2,75.51,433700.0
2004-09-03,75.41,76.08,75.25,75.69,444600.0,0.0,1.0,75.41,76.08,75.25,75.69,444600.0
2004-09-02,73.9,75.74,73.75,75.4,679700.0,0.0,1.0,73.9,75.74,73.75,75.4,679700.0
2004-09-01,74.06,74.45,73.46,73.76,484300.0,0.0,1.0,74.06,74.45,73.46,73.76,484300.0
2004-08-31,74.92,75.18,73.53,74.06,657400.0,0.0,1.0,74.92,75.18,73.53,74.06,657400.0
2004-08-30,75.25,75.3,74.69,74.73,475600.0,0.0,1.0,75.25,75.3,74.69,74.73,475600.0
2004-08-27,75.9,75.93,75.1,75.36,646400.0,0.0,1.0,75.9,75.93,75.1,75.36,646400.0
2004-08-26,75.39,76.32,75.39,75.94,410200.0,0.0,1.0,75.39,76.32,75.39,75.94,410200.0
2004-08-25,75.58,75.74,74.66,75.29,1162100.0,0.0,1.0,75.58,75.74,74.66,75.29,1162100.0
2004-08-24,76.3,76.49,75.44,75.45,841200.0,0.0,1.0,76.3,76.49,75.44,75.45,841200.0
2004-08-23,77.83,77.86,76.02,76.08,826200.0,0.0,1.0,77.83,77.86,76.02,76.08,826200.0
2004-08-20,77.06,78.12,76.93,77.73,581900.0,0.0,1.0,77.06,78.12,76.93,77.73,581900.0
2004-08-19,76.62,77.28,76.26,77.06,674300.0,0.0,1.0,76.62,77.28,76.26,77.06,674300.0
2004-08-18,77.6,77.75,76.62,77.0,860100.0,0.0,1.0,77.6,77.75,76.62,77.0,860100.0
2004-08-17,77.48,79.0,77.45,77.85,775900.0,0.0,1.0,77.48,79.0,77.45,77.85,775900.0
2004-08-16,74.3,77.57,74.3,77.1,1118200.0,0.0,1.0,74.3,77.57,74.3,77.1,1118200.0
2004-08-13,73.81,74.37,73.32,74.15,837500.0,0.0,1.0,73.81,74.37,73.32,74.15,837500.0
2004-08-12,75.26,75.53,73.45,73.6,1361300.0,0.0,1.0,75.26,75.53,73.45,73.6,1361300.0
2004-08-11,75.25,76.49,75.02,75.76,839100.0,0.0,1.0,75.25,76.49,75.02,75.76,839100.0
2004-08-10,74.37,75.54,74.31,75.39,680300.0,0.0,1.0,74.37,75.54,74.31,75.39,680300.0
2004-08-09,74.3,75.27,74.09,74.17,958600.0,0.0,1.0,74.3,75.27,74.09,74.17,958600.0
2004-08-06,71.55,74.66,70.35,73.81,1704200.0,0.0,1.0,71.55,74.66,70.35,73.81,1704200.0
2004-08-05,74.75,74.92,72.15,72.25,1865200.0,0.0,1.0,74.75,74.92,72.15,72.25,1865200.0
2004-08-04,74.9,75.24,74.02,74.6,1063500.0,0.0,1.0,74.9,75.24,74.02,74.6,1063500.0
2004-08-03,77.4,77.43,75.06,75.26,1036100.0,0.0,1.0,77.4,77.43,75.06,75.26,1036100.0
2004-08-02,77.21,77.9,76.26,77.55,719700.0,0.0,1.0,77.21,77.9,76.26,77.55,719700.0
2004-07-30,76.74,77.3,76.24,77.2,465700.0,0.0,1.0,76.74,77.3,76.24,77.2,465700.0
2004-07-29,76.47,76.94,76.23,76.71,661400.0,0.0,1.0,76.47,76.94,76.23,76.71,661400.0
2004-07-28,77.15,77.22,75.65,76.22,1216200.0,0.0,1.0,77.15,77.22,75.65,76.22,1216200.0
2004-07-27,75.79,77.25,75.79,77.25,669900.0,0.0,1.0,75.79,77.25,75.79,77.25,669900.0
2004-07-26,76.27,76.41,75.15,75.96,850600.0,0.0,1.0,76.27,76.41,75.15,75.96,850600.0
2004-07-23,75.8,76.8,75.69,76.37,1351000.0,0.0,1.0,75.8,76.8,75.69,76.37,1351000.0
2004-07-22,76.4,76.8,75.22,75.87,1544600.0,0.0,1.0,76.4,76.8,75.22,75.87,1544600.0
2004-07-21,77.25,77.5,76.47,76.55,1420500.0,0.0,1.0,77.25,77.5,76.47,76.55,1420500.0
2004-07-20,75.2,77.13,75.2,77.05,1188500.0,0.0,1.0,75.2,77.13,75.2,77.05,1188500.0
2004-07-19,75.36,75.57,74.84,75.08,1154600.0,0.0,1.0,75.36,75.57,74.84,75.08,1154600.0
2004-07-16,76.95,76.95,75.28,75.35,1850800.0,0.0,1.0,76.95,76.95,75.28,75.35,1850800.0
2004-07-15,77.35,77.88,76.61,76.72,1328400.0,0.0,1.0,77.35,77.88,76.61,76.72,1328400.0
2004-07-14,77.43,78.15,77.2,77.5,1208400.0,0.0,1.0,77.43,78.15,77.2,77.5,1208400.0
2004-07-13,77.84,78.05,77.27,77.68,978000.0,0.0,1.0,77.84,78.05,77.27,77.68,978000.0
2004-07-12,77.9,78.28,77.51,78.09,909700.0,0.0,1.0,77.9,78.28,77.51,78.09,909700.0
2004-07-09,78.0,78.8,77.86,78.28,876600.0,0.0,1.0,78.0,78.8,77.86,78.28,876600.0
2004-07-08,78.35,78.45,77.76,77.81,1466700.0,0.0,1.0,78.35,78.45,77.76,77.81,1466700.0
2004-07-07,79.01,79.28,78.22,78.93,1057000.0,0.0,1.0,79.01,79.28,78.22,78.93,1057000.0
2004-07-06,78.8,79.94,78.5,79.09,1097900.0,0.0,1.0,78.8,79.94,78.5,79.09,1097900.0
2004-07-02,80.1,80.25,78.52,78.8,1158100.0,0.0,1.0,80.1,80.25,78.52,78.8,1158100.0
2004-07-01,80.1,81.1,79.77,80.0,1805700.0,0.0,1.0,80.1,81.1,79.77,80.0,1805700.0
2004-06-30,83.5,84.25,80.05,80.1,4828100.0,0.0,1.0,83.5,84.25,80.05,80.1,4828100.0
2004-06-29,89.5,89.5,87.93,88.22,430900.0,0.0,1.0,89.5,89.5,87.93,88.22,430900.0
2004-06-28,89.86,90.2,89.55,89.6,534400.0,0.0,1.0,89.86,90.2,89.55,89.6,534400.0
2004-06-25,89.57,90.52,89.44,89.8,564700.0,0.0,1.0,89.57,90.52,89.44,89.8,564700.0
2004-06-24,88.63,90.52,88.52,89.32,726900.0,0.0,1.0,88.63,90.52,88.52,89.32,726900.0
2004-06-23,88.56,88.88,87.95,88.8,795100.0,0.0,1.0,88.56,88.88,87.95,88.8,795100.0
2004-06-22,88.73,89.33,88.04,88.49,645600.0,0.0,1.0,88.73,89.33,88.04,88.49,645600.0
2004-06-21,88.76,89.25,88.47,88.53,666400.0,0.0,1.0,88.76,89.25,88.47,88.53,666400.0
2004-06-18,87.67,89.0,87.33,88.76,1113500.0,0.0,1.0,87.67,89.0,87.33,88.76,1113500.0
2004-06-17,88.56,88.56,87.76,87.85,632700.0,0.0,1.0,88.56,88.56,87.76,87.85,632700.0
2004-06-16,88.76,89.14,88.2,88.71,585600.0,0.0,1.0,88.76,89.14,88.2,88.71,585600.0
2004-06-15,89.38,89.75,88.49,88.76,689700.0,0.0,1.0,89.38,89.75,88.49,88.76,689700.0
2004-06-14,88.35,89.51,88.31,89.38,732400.0,0.0,1.0,88.35,89.51,88.31,89.38,732400.0
2004-06-10,89.7,90.19,88.72,89.18,575600.0,0.0,1.0,89.7,90.19,88.72,89.18,575600.0
2004-06-09,88.85,89.96,88.19,89.2,913200.0,0.0,1.0,88.85,89.96,88.19,89.2,913200.0
2004-06-08,88.5,89.0,88.33,88.95,641200.0,0.0,1.0,88.5,89.0,88.33,88.95,641200.0
2004-06-07,87.78,88.74,87.69,88.65,680100.0,0.0,1.0,87.78,88.74,87.69,88.65,680100.0
2004-06-04,88.2,88.3,87.19,87.53,908000.0,0.0,1.0,88.2,88.3,87.19,87.53,908000.0
2004-06-03,87.04,88.15,86.98,87.82,965100.0,0.0,1.0,87.04,88.15,86.98,87.82,965100.0
2004-06-02,87.48,87.6,86.9,87.03,882700.0,0.0,1.0,87.48,87.6,86.9,87.03,882700.0
2004-06-01,87.0,87.44,86.95,87.44,1096700.0,0.0,1.0,87.0,87.44,86.95,87.44,1096700.0
2004-05-28,84.99,87.05,84.77,86.75,983700.0,0.0,1.0,84.99,87.05,84.77,86.75,983700.0
2004-05-27,85.3,86.4,84.28,84.69,1856500.0,0.0,1.0,85.3,86.4,84.28,84.69,1856500.0
2004-05-26,82.25,85.09,81.6,83.79,2769200.0,0.0,1.0,82.25,85.09,81.6,83.79,2769200.0
2004-05-25,84.45,85.9,83.1,83.38,2197100.0,0.0,1.0,84.45,85.9,83.1,83.38,2197100.0
2004-05-24,82.75,84.5,82.53,84.3,897500.0,0.0,1.0,82.75,84.5,82.53,84.3,897500.0
2004-05-21,82.62,83.95,82.31,82.64,1289200.0,0.0,1.0,82.62,83.95,82.31,82.64,1289200.0
2004-05-20,83.7,83.76,82.41,82.72,1171000.0,0.0,1.0,83.7,83.76,82.41,82.72,1171000.0
2004-05-19,84.4,84.77,83.7,83.7,812900.0,0.0,1.0,84.4,84.77,83.7,83.7,812900.0
2004-05-18,83.9,84.66,83.5,84.05,877700.0,0.0,1.0,83.9,84.66,83.5,84.05,877700.0
2004-05-17,84.0,84.09,82.76,83.06,935500.0,0.0,1.0,84.0,84.09,82.76,83.06,935500.0
2004-05-14,84.25,84.85,84.02,84.25,1034600.0,0.0,1.0,84.25,84.85,84.02,84.25,1034600.0
2004-05-13,84.8,84.8,84.01,84.3,1039900.0,0.0,1.0,84.8,84.8,84.01,84.3,1039900.0
2004-05-12,84.26,85.06,83.85,84.79,1293300.0,0.0,1.0,84.26,85.06,83.85,84.79,1293300.0
2004-05-11,83.52,84.74,83.5,84.25,612300.0,0.0,1.0,83.52,84.74,83.5,84.25,612300.0
2004-05-10,83.1,83.77,83.1,83.51,1288200.0,0.0,1.0,83.1,83.77,83.1,83.51,1288200.0
2004-05-07,84.8,85.15,83.01,83.5,922500.0,0.0,1.0,84.8,85.15,83.01,83.5,922500.0
2004-05-06,86.4,86.4,84.47,85.04,614300.0,0.0,1.0,86.4,86.4,84.47,85.04,614300.0
2004-05-05,86.6,86.9,86.21,86.47,600000.0,0.0,1.0,86.6,86.9,86.21,86.47,600000.0
2004-05-04,88.08,88.2,85.51,86.05,1221900.0,0.0,1.0,88.08,88.2,85.51,86.05,1221900.0
2004-05-03,87.58,88.8,87.42,88.33,799500.0,0.0,1.0,87.58,88.8,87.42,88.33,799500.0
2004-04-30,87.77,88.4,87.4,87.57,794400.0,0.0,1.0,87.77,88.4,87.4,87.57,794400.0
2004-04-29,88.01,88.62,87.3,87.66,1186300.0,0.0,1.0,88.01,88.62,87.3,87.66,1186300.0
2004-04-28,86.75,89.09,86.43,88.01,1552600.0,0.0,1.0,86.75,89.09,86.43,88.01,1552600.0
2004-04-27,86.1,87.16,85.85,86.75,586200.0,0.0,1.0,86.1,87.16,85.85,86.75,586200.0
2004-04-26,85.85,87.08,85.23,85.85,618000.0,0.0,1.0,85.85,87.08,85.23,85.85,618000.0
2004-04-23,86.85,86.85,85.7,85.95,714400.0,0.0,1.0,86.85,86.85,85.7,85.95,714400.0
2004-04-22,85.2,87.49,85.09,87.1,838800.0,0.0,1.0,85.2,87.49,85.09,87.1,838800.0
2004-04-21,86.09,86.09,84.67,84.67,1703600.0,0.0,1.0,86.09,86.09,84.67,84.67,1703600.0
2004-04-20,84.0,87.15,84.0,86.09,2904300.0,0.0,1.0,84.0,87.15,84.0,86.09,2904300.0
2004-04-19,83.11,83.17,82.1,82.63,660200.0,0.0,1.0,83.11,83.17,82.1,82.63,660200.0
2004-04-16,83.52,84.42,82.41,83.26,696000.0,0.0,1.0,83.52,84.42,82.41,83.26,696000.0
2004-04-15,82.1,83.5,82.05,83.02,835100.0,0.0,1.0,82.1,83.5,82.05,83.02,835100.0
2004-04-14,81.5,82.55,81.16,81.49,1357200.0,0.0,1.0,81.5,82.55,81.16,81.49,1357200.0
2004-04-13,83.67,83.67,81.46,81.7,1681100.0,0.0,1.0,83.67,83.67,81.46,81.7,1681100.0
2004-04-12,84.35,84.35,83.38,83.41,1010700.0,0.0,1.0,84.35,84.35,83.38,83.41,1010700.0
2004-04-08,85.2,85.39,84.01,84.25,858700.0,0.0,1.0,85.2,85.39,84.01,84.25,858700.0
2004-04-07,85.4,85.46,84.61,84.9,1053800.0,0.0,1.0,85.4,85.46,84.61,84.9,1053800.0
2004-04-06,85.86,86.06,85.5,85.6,1088100.0,0.0,1.0,85.86,86.06,85.5,85.6,1088100.0
2004-04-05,85.6,86.42,85.34,86.26,1502700.0,0.0,1.0,85.6,86.42,85.34,86.26,1502700.0
2004-04-02,86.63,86.75,84.02,85.6,2210700.0,0.0,1.0,86.63,86.75,84.02,85.6,2210700.0
2004-04-01,85.77,86.96,85.5,86.71,942700.0,0.0,1.0,85.77,86.96,85.5,86.71,942700.0
2004-03-31,85.94,85.97,85.35,85.97,1050600.0,0.0,1.0,85.94,85.97,85.35,85.97,1050600.0
2004-03-30,85.45,86.1,85.07,85.87,850200.0,0.0,1.0,85.45,86.1,85.07,85.87,850200.0
2004-03-29,85.52,85.8,85.29,85.45,911600.0,0.0,1.0,85.52,85.8,85.29,85.45,911600.0
2004-03-26,85.45,85.87,85.3,85.52,688600.0,0.0,1.0,85.45,85.87,85.3,85.52,688600.0
2004-03-25,84.79,85.87,84.6,85.7,868400.0,0.0,1.0,84.79,85.87,84.6,85.7,868400.0
2004-03-24,84.55,85.0,84.25,84.39,693600.0,0.0,1.0,84.55,85.0,84.25,84.39,693600.0
2004-03-23,84.6,85.54,84.45,84.93,1266600.0,0.0,1.0,84.6,85.54,84.45,84.93,1266600.0
2004-03-22,83.68,84.9,82.55,84.56,1082800.0,0.0,1.0,83.68,84.9,82.55,84.56,1082800.0
2004-03-19,84.1,84.3,83.3,83.68,1142300.0,0.0,1.0,84.1,84.3,83.3,83.68,1142300.0
2004-03-18,83.71,85.2,83.41,84.45,1268800.0,0.0,1.0,83.71,85.2,83.41,84.45,1268800.0
2004-03-17,83.6,84.19,83.46,83.7,776200.0,0.0,1.0,83.6,84.19,83.46,83.7,776200.0
2004-03-16,83.1,83.92,82.72,83.57,913500.0,0.0,1.0,83.1,83.92,82.72,83.57,913500.0
2004-03-15,83.03,83.3,82.42,82.5,785400.0,0.0,1.0,83.03,83.3,82.42,82.5,785400.0
2004-03-12,82.55,85.0,82.25,83.02,1228100.0,0.0,1.0,82.55,85.0,82.25,83.02,1228100.0
2004-03-11,83.86,84.4,82.66,82.75,1257600.0,0.0,1.0,83.86,84.4,82.66,82.75,1257600.0
2004-03-10,85.65,85.86,84.46,84.46,969900.0,0.0,1.0,85.65,85.86,84.46,84.46,969900.0
2004-03-09,85.22,85.95,84.92,85.7,932900.0,0.0,1.0,85.22,85.95,84.92,85.7,932900.0
2004-03-08,85.23,85.75,84.9,85.32,906300.0,0.0,1.0,85.23,85.75,84.9,85.32,906300.0
2004-03-05,83.69,85.29,83.1,85.01,1192100.0,0.0,1.0,83.69,85.29,83.1,85.01,1192100.0
2004-03-04,83.63,84.95,82.64,83.68,2256700.0,0.0,1.0,83.63,84.95,82.64,83.68,2256700.0
2004-03-03,82.73,85.89,82.05,83.64,5825600.0,0.0,1.0,82.73,85.89,82.05,83.64,5825600.0
2004-03-02,89.5,89.74,88.25,88.4,1349700.0,0.0,1.0,89.5,89.74,88.25,88.4,1349700.0
2004-03-01,90.05,90.2,89.1,89.68,802100.0,0.0,1.0,90.05,90.2,89.1,89.68,802100.0
2004-02-27,90.3,91.59,89.24,89.7,778200.0,0.0,1.0,90.3,91.59,89.24,89.7,778200.0
2004-02-26,89.5,91.24,88.25,90.55,862900.0,0.0,1.0,89.5,91.24,88.25,90.55,862900.0
2004-02-25,89.24,90.42,89.08,90.18,608600.0,0.0,1.0,89.24,90.42,89.08,90.18,608600.0
2004-02-24,89.83,90.1,88.52,88.79,1204700.0,0.0,1.0,89.83,90.1,88.52,88.79,1204700.0
2004-02-23,90.55,91.0,90.05,90.33,472900.0,0.0,1.0,90.55,91.0,90.05,90.33,472900.0
2004-02-20,89.35,91.02,89.3,90.3,1030300.0,0.0,1.0,89.35,91.02,89.3,90.3,1030300.0
2004-02-19,89.35,89.85,88.85,88.96,988100.0,0.0,1.0,89.35,89.85,88.85,88.96,988100.0
2004-02-18,89.15,89.9,88.9,89.35,591900.0,0.0,1.0,89.15,89.9,88.9,89.35,591900.0
2004-02-17,88.04,89.7,88.0,89.15,1218300.0,0.0,1.0,88.04,89.7,88.0,89.15,1218300.0
2004-02-13,90.29,90.69,88.26,88.84,1205500.0,0.0,1.0,90.29,90.69,88.26,88.84,1205500.0
2004-02-12,91.0,91.0,90.12,90.39,571400.0,0.0,1.0,91.0,91.0,90.12,90.39,571400.0
2004-02-11,89.65,91.42,89.55,91.25,604000.0,0.0,1.0,89.65,91.42,89.55,91.25,604000.0
2004-02-10,89.7,89.95,88.89,89.66,695300.0,0.0,1.0,89.7,89.95,88.89,89.66,695300.0
2004-02-09,88.75,90.48,87.8,89.8,1051600.0,0.0,1.0,88.75,90.48,87.8,89.8,1051600.0
2004-02-06,86.94,89.02,86.72,88.62,718100.0,0.0,1.0,86.94,89.02,86.72,88.62,718100.0
2004-02-05,86.4,87.25,86.28,86.69,996000.0,0.0,1.0,86.4,87.25,86.28,86.69,996000.0
2004-02-04,85.1,86.59,85.02,86.25,919200.0,0.0,1.0,85.1,86.59,85.02,86.25,919200.0
2004-02-03,84.2,85.73,83.57,85.31,727000.0,0.0,1.0,84.2,85.73,83.57,85.31,727000.0
2004-02-02,84.33,85.93,83.92,84.6,864900.0,0.0,1.0,84.33,85.93,83.92,84.6,864900.0
2004-01-30,84.6,85.23,84.05,84.32,711600.0,0.0,1.0,84.6,85.23,84.05,84.32,711600.0
2004-01-29,84.0,84.87,83.74,84.73,598700.0,0.0,1.0,84.0,84.87,83.74,84.73,598700.0
2004-01-28,86.1,86.34,83.77,84.0,661900.0,0.0,1.0,86.1,86.34,83.77,84.0,661900.0
2004-01-27,85.61,86.31,85.61,85.9,523100.0,0.0,1.0,85.61,86.31,85.61,85.9,523100.0
2004-01-26,85.45,86.01,84.5,85.51,668500.0,0.0,1.0,85.45,86.01,84.5,85.51,668500.0
2004-01-23,86.25,86.7,85.45,85.74,456800.0,0.0,1.0,86.25,86.7,85.45,85.74,456800.0
2004-01-22,85.8,86.89,85.31,86.48,719300.0,0.0,1.0,85.8,86.89,85.31,86.48,719300.0
2004-01-21,84.6,86.18,84.25,86.05,1045800.0,0.0,1.0,84.6,86.18,84.25,86.05,1045800.0
2004-01-20,84.68,84.68,83.54,84.23,1176000.0,0.0,1.0,84.68,84.68,83.54,84.23,1176000.0
2004-01-16,85.7,85.87,84.59,84.67,747800.0,0.0,1.0,85.7,85.87,84.59,84.67,747800.0
2004-01-15,85.05,86.2,84.17,85.55,1223600.0,0.0,1.0,85.05,86.2,84.17,85.55,1223600.0
2004-01-14,85.63,85.8,84.95,85.0,504600.0,0.0,1.0,85.63,85.8,84.95,85.0,504600.0
2004-01-13,85.65,85.84,84.22,85.62,1046800.0,0.0,1.0,85.65,85.84,84.22,85.62,1046800.0
2004-01-12,83.87,84.26,82.83,83.9,907000.0,0.0,1.0,83.87,84.26,82.83,83.9,907000.0
2004-01-09,84.4,85.71,83.68,83.86,908700.0,0.0,1.0,84.4,85.71,83.68,83.86,908700.0
2004-01-08,84.68,85.3,84.01,84.41,881900.0,0.0,1.0,84.68,85.3,84.01,84.41,881900.0
2004-01-07,84.8,85.29,83.78,84.6,1132000.0,0.0,1.0,84.8,85.29,83.78,84.6,1132000.0
2004-01-06,82.7,85.22,82.7,84.93,1388900.0,0.0,1.0,82.7,85.22,82.7,84.93,1388900.0
2004-01-05,84.22,84.36,82.6,83.2,1596900.0,0.0,1.0,84.22,84.36,82.6,83.2,1596900.0
2004-01-02,85.1,86.0,83.85,84.18,924600.0,0.0,1.0,85.1,86.0,83.85,84.18,924600.0
2003-12-31,84.71,85.51,84.69,85.21,503400.0,0.0,1.0,84.71,85.51,84.69,85.21,503400.0
2003-12-30,84.32,84.86,83.9,84.71,468400.0,0.0,1.0,84.32,84.86,83.9,84.71,468400.0
2003-12-29,83.93,84.55,83.6,84.5,646300.0,0.0,1.0,83.93,84.55,83.6,84.5,646300.0
2003-12-26,83.62,84.39,83.62,83.7,322900.0,0.0,1.0,83.62,84.39,83.62,83.7,322900.0
2003-12-24,83.12,83.9,83.11,83.62,285700.0,0.0,1.0,83.12,83.9,83.11,83.62,285700.0
2003-12-23,83.09,83.6,82.68,83.11,912800.0,0.0,1.0,83.09,83.6,82.68,83.11,912800.0
2003-12-22,82.36,82.96,81.77,82.84,935600.0,0.0,1.0,82.36,82.96,81.77,82.84,935600.0
2003-12-19,82.5,83.13,82.21,82.71,1416600.0,0.0,1.0,82.5,83.13,82.21,82.71,1416600.0
2003-12-18,81.75,82.64,81.75,82.33,1249900.0,0.0,1.0,81.75,82.64,81.75,82.33,1249900.0
2003-12-17,80.15,82.25,80.15,81.6,1522400.0,0.0,1.0,80.15,82.25,80.15,81.6,1522400.0
2003-12-16,80.25,81.19,80.25,80.88,2021900.0,0.0,1.0,80.25,81.19,80.25,80.88,2021900.0
2003-12-15,82.49,82.49,81.19,81.48,2350600.0,0.0,1.0,82.49,82.49,81.19,81.48,2350600.0
2003-12-12,81.1,82.47,80.3,82.16,2970700.0,0.0,1.0,81.1,82.47,80.3,82.16,2970700.0
2003-12-11,80.25,81.83,79.3,81.1,4646700.0,0.0,1.0,80.25,81.83,79.3,81.1,4646700.0
2003-12-10,86.5,87.0,76.2,80.25,13666700.0,0.0,1.0,86.5,87.0,76.2,80.25,13666700.0
2003-12-09,92.5,92.78,91.34,91.34,1773400.0,0.0,1.0,92.5,92.78,91.34,91.34,1773400.0
2003-12-08,91.55,93.31,91.52,92.33,749100.0,0.0,1.0,91.55,93.31,91.52,92.33,749100.0
2003-12-05,93.0,93.1,91.6,91.63,692500.0,0.0,1.0,93.0,93.1,91.6,91.63,692500.0
2003-12-04,94.25,95.38,91.24,93.0,1297100.0,0.0,1.0,94.25,95.38,91.24,93.0,1297100.0
2003-12-03,96.32,96.5,94.2,94.25,587500.0,0.0,1.0,96.32,96.5,94.2,94.25,587500.0
2003-12-02,97.67,97.67,96.0,96.15,787300.0,0.0,1.0,97.67,97.67,96.0,96.15,787300.0
2003-12-01,96.0,97.9,95.51,97.76,904700.0,0.0,1.0,96.0,97.9,95.51,97.76,904700.0
2003-11-28,95.95,96.38,95.56,95.66,244800.0,0.0,1.0,95.95,96.38,95.56,95.66,244800.0
2003-11-26,96.01,96.25,95.11,95.95,398300.0,0.0,1.0,96.01,96.25,95.11,95.95,398300.0
2003-11-25,95.32,96.4,95.01,96.0,876200.0,0.0,1.0,95.32,96.4,95.01,96.0,876200.0
2003-11-24,93.2,95.45,93.0,95.32,1472800.0,0.0,1.0,93.2,95.45,93.0,95.32,1472800.0
2003-11-21,91.9,93.17,91.13,92.95,925900.0,0.0,1.0,91.9,93.17,91.13,92.95,925900.0
2003-11-20,90.65,92.18,90.64,91.36,692400.0,0.0,1.0,90.65,92.18,90.64,91.36,692400.0
2003-11-19,90.9,91.4,90.28,90.9,559700.0,0.0,1.0,90.9,91.4,90.28,90.9,559700.0
2003-11-18,90.75,91.8,90.71,91.1,1034200.0,0.0,1.0,90.75,91.8,90.71,91.1,1034200.0
2003-11-17,91.3,91.82,90.4,90.88,863100.0,0.0,1.0,91.3,91.82,90.4,90.88,863100.0
2003-11-14,93.15,93.3,91.52,91.52,1270200.0,0.0,1.0,93.15,93.3,91.52,91.52,1270200.0
2003-11-13,93.2,93.6,92.03,93.14,1269400.0,0.0,1.0,93.2,93.6,92.03,93.14,1269400.0
2003-11-12,93.0,93.67,92.35,93.63,1188400.0,0.0,1.0,93.0,93.67,92.35,93.63,1188400.0
2003-11-11,91.0,93.32,90.75,92.9,4180700.0,0.0,1.0,91.0,93.32,90.75,92.9,4180700.0
2003-11-10,93.3,93.48,90.44,90.55,1445600.0,0.0,1.0,93.3,93.48,90.44,90.55,1445600.0
2003-11-07,96.12,96.12,92.85,93.3,2165200.0,0.0,1.0,96.12,96.12,92.85,93.3,2165200.0
2003-11-06,96.85,96.85,95.6,96.12,1034900.0,0.0,1.0,96.85,96.85,95.6,96.12,1034900.0
2003-11-05,97.21,97.46,96.16,96.63,812700.0,0.0,1.0,97.21,97.46,96.16,96.63,812700.0
2003-11-04,96.6,97.54,96.14,97.31,1094500.0,0.0,1.0,96.6,97.54,96.14,97.31,1094500.0
2003-11-03,96.34,97.25,95.42,96.6,1789800.0,0.0,1.0,96.34,97.25,95.42,96.6,1789800.0
2003-10-31,98.5,99.51,95.89,96.1,4929900.0,0.0,1.0,98.5,99.51,95.89,96.1,4929900.0
2003-10-30,102.15,103.53,101.28,103.53,1410200.0,0.0,1.0,102.15,103.53,101.28,103.53,1410200.0
2003-10-29,100.04,101.83,99.99,101.65,1107100.0,0.0,1.0,100.04,101.83,99.99,101.65,1107100.0
2003-10-28,98.6,100.37,97.92,100.34,1332000.0,0.0,1.0,98.6,100.37,97.92,100.34,1332000.0
2003-10-27,95.6,98.26,95.6,97.97,851700.0,0.0,1.0,95.6,98.26,95.6,97.97,851700.0
2003-10-24,95.1,95.69,94.4,95.45,832000.0,0.0,1.0,95.1,95.69,94.4,95.45,832000.0
2003-10-23,94.0,96.0,93.8,95.58,544400.0,0.0,1.0,94.0,96.0,93.8,95.58,544400.0
2003-10-22,94.69,94.69,93.8,94.23,535200.0,0.0,1.0,94.69,94.69,93.8,94.23,535200.0
2003-10-21,94.5,95.01,93.79,94.69,713000.0,0.0,1.0,94.5,95.01,93.79,94.69,713000.0
2003-10-20,93.06,93.96,93.03,93.88,320000.0,0.0,1.0,93.06,93.96,93.03,93.88,320000.0
2003-10-17,94.12,94.42,92.93,93.06,510400.0,0.0,1.0,94.12,94.42,92.93,93.06,510400.0
2003-10-16,93.57,94.18,92.8,93.94,626100.0,0.0,1.0,93.57,94.18,92.8,93.94,626100.0
2003-10-15,94.5,94.5,93.07,93.57,532700.0,0.0,1.0,94.5,94.5,93.07,93.57,532700.0
2003-10-14,93.27,94.96,93.05,94.42,674500.0,0.0,1.0,93.27,94.96,93.05,94.42,674500.0
2003-10-13,92.66,93.95,92.61,93.02,505600.0,0.0,1.0,92.66,93.95,92.61,93.02,505600.0
2003-10-10,93.0,93.46,92.25,92.65,398800.0,0.0,1.0,93.0,93.46,92.25,92.65,398800.0
2003-10-09,93.0,93.55,92.1,92.76,860200.0,0.0,1.0,93.0,93.55,92.1,92.76,860200.0
2003-10-08,93.65,93.65,92.08,92.49,746500.0,0.0,1.0,93.65,93.65,92.08,92.49,746500.0
2003-10-07,93.25,94.19,92.3,93.65,669100.0,0.0,1.0,93.25,94.19,92.3,93.65,669100.0
2003-10-06,93.07,94.44,92.75,93.55,634800.0,0.0,1.0,93.07,94.44,92.75,93.55,634800.0
2003-10-03,94.0,94.41,92.51,93.07,755700.0,0.0,1.0,94.0,94.41,92.51,93.07,755700.0
2003-10-02,92.68,94.31,91.2,92.63,995800.0,0.0,1.0,92.68,94.31,91.2,92.63,995800.0
2003-10-01,89.53,93.11,89.31,92.68,814000.0,0.0,1.0,89.53,93.11,89.31,92.68,814000.0
2003-09-30,91.6,91.74,89.4,89.53,1218000.0,0.0,1.0,91.6,91.74,89.4,89.53,1218000.0
2003-09-29,92.0,93.1,90.98,91.6,874900.0,0.0,1.0,92.0,93.1,90.98,91.6,874900.0
2003-09-26,91.3,92.87,90.58,91.1,1131300.0,0.0,1.0,91.3,92.87,90.58,91.1,1131300.0
2003-09-25,93.2,93.58,90.51,92.06,1181600.0,0.0,1.0,93.2,93.58,90.51,92.06,1181600.0
2003-09-24,94.09,96.1,93.59,94.51,2060000.0,0.0,1.0,94.09,96.1,93.59,94.51,2060000.0
2003-09-23,89.0,94.74,87.56,94.09,4106900.0,0.0,1.0,89.0,94.74,87.56,94.09,4106900.0
2003-09-22,88.89,91.2,88.89,89.73,1533400.0,0.0,1.0,88.89,91.2,88.89,89.73,1533400.0
2003-09-19,88.82,90.35,88.75,89.69,1021800.0,0.0,1.0,88.82,90.35,88.75,89.69,1021800.0
2003-09-18,87.35,89.69,87.35,88.81,1256700.0,0.0,1.0,87.35,89.69,87.35,88.81,1256700.0
2003-09-17,87.3,88.25,87.0,87.6,666200.0,0.0,1.0,87.3,88.25,87.0,87.6,666200.0
2003-09-16,87.29,87.82,86.2,87.5,661400.0,0.0,1.0,87.29,87.82,86.2,87.5,661400.0
2003-09-15,87.86,88.1,86.9,87.29,794400.0,0.0,1.0,87.86,88.1,86.9,87.29,794400.0
2003-09-12,87.34,87.95,86.44,87.87,708600.0,0.0,1.0,87.34,87.95,86.44,87.87,708600.0
2003-09-11,87.5,88.1,86.85,87.33,831400.0,0.0,1.0,87.5,88.1,86.85,87.33,831400.0
2003-09-10,86.28,89.04,86.28,87.5,1125400.0,0.0,1.0,86.28,89.04,86.28,87.5,1125400.0
2003-09-09,89.89,89.89,86.03,86.03,1758700.0,0.0,1.0,89.89,89.89,86.03,86.03,1758700.0
2003-09-08,88.65,90.28,88.47,89.79,1010300.0,0.0,1.0,88.65,90.28,88.47,89.79,1010300.0
2003-09-05,89.2,89.68,88.25,88.74,987800.0,0.0,1.0,89.2,89.68,88.25,88.74,987800.0
2003-09-04,89.2,89.5,88.5,89.18,1168800.0,0.0,1.0,89.2,89.5,88.5,89.18,1168800.0
2003-09-03,91.2,91.2,89.5,89.8,1875800.0,0.0,1.0,91.2,91.2,89.5,89.8,1875800.0
2003-09-02,92.5,93.45,91.17,91.64,1511700.0,0.0,1.0,92.5,93.45,91.17,91.64,1511700.0
2003-08-29,90.12,92.29,89.86,91.8,1045600.0,0.0,1.0,90.12,92.29,89.86,91.8,1045600.0
2003-08-28,90.08,90.08,88.4,89.87,825400.0,0.0,1.0,90.08,90.08,88.4,89.87,825400.0
2003-08-27,89.23,90.46,88.73,90.07,704400.0,0.0,1.0,89.23,90.46,88.73,90.07,704400.0
2003-08-26,90.4,90.5,88.4,89.33,751100.0,0.0,1.0,90.4,90.5,88.4,89.33,751100.0
2003-08-25,89.51,90.5,89.37,90.5,676700.0,0.0,1.0,89.51,90.5,89.37,90.5,676700.0
2003-08-22,91.9,91.9,89.15,89.76,770800.0,0.0,1.0,91.9,91.9,89.15,89.76,770800.0
2003-08-21,88.83,90.55,88.83,90.55,1131900.0,0.0,1.0,88.83,90.55,88.83,90.55,1131900.0
2003-08-20,87.65,89.25,87.12,88.61,812500.0,0.0,1.0,87.65,89.25,87.12,88.61,812500.0
2003-08-19,87.05,87.7,86.36,87.65,900500.0,0.0,1.0,87.05,87.7,86.36,87.65,900500.0
2003-08-18,86.31,87.75,86.01,87.05,650000.0,0.0,1.0,86.31,87.75,86.01,87.05,650000.0
2003-08-15,85.8,86.92,85.75,86.83,607800.0,0.0,1.0,85.8,86.92,85.75,86.83,607800.0
2003-08-14,85.45,86.45,85.05,86.45,1010100.0,0.0,1.0,85.45,86.45,85.05,86.45,1010100.0
2003-08-13,84.35,85.73,84.27,85.7,961100.0,0.0,1.0,84.35,85.73,84.27,85.7,961100.0
2003-08-12,82.96,83.88,82.4,83.88,402300.0,0.0,1.0,82.96,83.88,82.4,83.88,402300.0
2003-08-11,82.85,83.89,82.09,82.88,406500.0,0.0,1.0,82.85,83.89,82.09,82.88,406500.0
2003-08-08,80.92,83.44,80.92,82.91,736500.0,0.0,1.0,80.92,83.44,80.92,82.91,736500.0
2003-08-07,80.33,81.33,79.82,80.63,664400.0,0.0,1.0,80.33,81.33,79.82,80.63,664400.0
2003-08-06,79.4,81.56,79.2,80.58,626300.0,0.0,1.0,79.4,81.56,79.2,80.58,626300.0
2003-08-05,82.14,82.14,79.8,80.03,938900.0,0.0,1.0,82.14,82.14,79.8,80.03,938900.0
2003-08-04,82.65,82.7,81.2,82.14,647100.0,0.0,1.0,82.65,82.7,81.2,82.14,647100.0
2003-08-01,83.51,83.81,82.45,82.65,812400.0,0.0,1.0,83.51,83.81,82.45,82.65,812400.0
2003-07-31,83.92,84.73,83.15,83.26,573000.0,0.0,1.0,83.92,84.73,83.15,83.26,573000.0
2003-07-30,83.5,83.85,82.93,83.58,642700.0,0.0,1.0,83.5,83.85,82.93,83.58,642700.0
2003-07-29,82.97,84.9,82.85,83.75,1407900.0,0.0,1.0,82.97,84.9,82.85,83.75,1407900.0
2003-07-28,80.6,82.97,80.6,82.97,1471100.0,0.0,1.0,80.6,82.97,80.6,82.97,1471100.0
2003-07-25,78.7,80.3,78.69,80.17,575600.0,0.0,1.0,78.7,80.3,78.69,80.17,575600.0
2003-07-24,79.3,79.75,78.74,78.77,793300.0,0.0,1.0,79.3,79.75,78.74,78.77,793300.0
2003-07-23,77.9,78.98,77.22,78.84,664400.0,0.0,1.0,77.9,78.98,77.22,78.84,664400.0
2003-07-22,78.2,78.28,77.15,77.75,955300.0,0.0,1.0,78.2,78.28,77.15,77.75,955300.0
2003-07-21,79.42,79.42,77.5,77.64,1030100.0,0.0,1.0,79.42,79.42,77.5,77.64,1030100.0
2003-07-18,79.17,79.66,78.68,79.42,648900.0,0.0,1.0,79.17,79.66,78.68,79.42,648900.0
2003-07-17,78.37,79.35,77.74,78.93,1058300.0,0.0,1.0,78.37,79.35,77.74,78.93,1058300.0
2003-07-16,79.45,79.45,77.89,78.37,580600.0,0.0,1.0,79.45,79.45,77.89,78.37,580600.0
2003-07-15,79.25,80.33,79.0,79.45,1186500.0,0.0,1.0,79.25,80.33,79.0,79.45,1186500.0
2003-07-14,77.95,79.3,77.2,78.86,1171100.0,0.0,1.0,77.95,79.3,77.2,78.86,1171100.0
2003-07-11,76.6,77.54,75.29,77.33,1195300.0,0.0,1.0,76.6,77.54,75.29,77.33,1195300.0
2003-07-10,77.0,77.0,74.84,76.26,1859100.0,0.0,1.0,77.0,77.0,74.84,76.26,1859100.0
2003-07-09,79.05,79.48,77.9,78.28,969000.0,0.0,1.0,79.05,79.48,77.9,78.28,969000.0
2003-07-08,76.83,79.28,76.54,79.28,1410600.0,0.0,1.0,76.83,79.28,76.54,79.28,1410600.0
2003-07-07,76.0,76.83,75.57,76.83,1250700.0,0.0,1.0,76.0,76.83,75.57,76.83,1250700.0
2003-07-03,75.6,76.07,75.36,75.98,611800.0,0.0,1.0,75.6,76.07,75.36,75.98,611800.0
2003-07-02,75.39,75.78,74.7,75.63,922300.0,0.0,1.0,75.39,75.78,74.7,75.63,922300.0
2003-07-01,75.97,75.97,73.8,75.39,1463100.0,0.0,1.0,75.97,75.97,73.8,75.39,1463100.0
2003-06-30,77.6,78.63,75.87,75.97,1191900.0,0.0,1.0,77.6,78.63,75.87,75.97,1191900.0
2003-06-27,75.65,77.25,75.6,77.03,1460900.0,0.0,1.0,75.65,77.25,75.6,77.03,1460900.0
2003-06-26,76.0,76.0,74.77,75.45,1291500.0,0.0,1.0,76.0,76.0,74.77,75.45,1291500.0
2003-06-25,76.07,77.0,75.57,75.59,1444000.0,0.0,1.0,76.07,77.0,75.57,75.59,1444000.0
2003-06-24,76.51,77.18,74.83,76.07,1791000.0,0.0,1.0,76.51,77.18,74.83,76.07,1791000.0
2003-06-23,76.7,77.18,75.43,76.96,1243600.0,0.0,1.0,76.7,77.18,75.43,76.96,1243600.0
2003-06-20,76.56,77.3,75.6,76.65,2011900.0,0.0,1.0,76.56,77.3,75.6,76.65,2011900.0
2003-06-19,76.7,77.15,75.55,76.83,1466400.0,0.0,1.0,76.7,77.15,75.55,76.83,1466400.0
2003-06-18,79.15,79.15,76.0,76.45,1975200.0,0.0,1.0,79.15,79.15,76.0,76.45,1975200.0
2003-06-17,77.81,79.15,77.81,79.15,1381500.0,0.0,1.0,77.81,79.15,77.81,79.15,1381500.0
2003-06-16,79.09,79.17,77.15,77.8,2202200.0,0.0,1.0,79.09,79.17,77.15,77.8,2202200.0
2003-06-13,81.45,81.73,78.82,79.08,1306800.0,0.0,1.0,81.45,81.73,78.82,79.08,1306800.0
2003-06-12,81.7,82.48,81.17,81.69,941400.0,0.0,1.0,81.7,82.48,81.17,81.69,941400.0
2003-06-11,81.14,81.49,79.91,81.05,1150500.0,0.0,1.0,81.14,81.49,79.91,81.05,1150500.0
2003-06-10,80.54,81.07,80.46,81.04,798700.0,0.0,1.0,80.54,81.07,80.46,81.04,798700.0
2003-06-09,81.87,83.11,79.68,80.14,1367100.0,0.0,1.0,81.87,83.11,79.68,80.14,1367100.0
2003-06-06,84.05,84.6,81.82,81.87,1155000.0,0.0,1.0,84.05,84.6,81.82,81.87,1155000.0
2003-06-05,82.41,83.9,81.75,83.63,1111900.0,0.0,1.0,82.41,83.9,81.75,83.63,1111900.0
2003-06-04,81.87,83.0,81.3,82.4,1615300.0,0.0,1.0,81.87,83.0,81.3,82.4,1615300.0
2003-06-03,81.8,82.06,80.26,81.87,1811500.0,0.0,1.0,81.8,82.06,80.26,81.87,1811500.0
2003-06-02,83.8,84.2,82.17,82.29,1695100.0,0.0,1.0,83.8,84.2,82.17,82.29,1695100.0
2003-05-30,83.6,84.59,82.44,83.68,1829100.0,0.0,1.0,83.6,84.59,82.44,83.68,1829100.0
2003-05-29,83.74,84.39,82.6,83.45,1839200.0,0.0,1.0,83.74,84.39,82.6,83.45,1839200.0
2003-05-28,85.54,87.0,83.32,83.74,3373800.0,0.0,1.0,85.54,87.0,83.32,83.74,3373800.0
2003-05-27,84.42,88.07,84.12,87.41,1853400.0,0.0,1.0,84.42,88.07,84.12,87.41,1853400.0
2003-05-23,85.01,85.11,84.15,84.92,824800.0,0.0,1.0,85.01,85.11,84.15,84.92,824800.0
2003-05-22,84.12,86.26,84.11,85.6,812300.0,0.0,1.0,84.12,86.26,84.11,85.6,812300.0
2003-05-21,83.23,84.75,83.2,84.21,1491100.0,0.0,1.0,83.23,84.75,83.2,84.21,1491100.0
2003-05-20,82.88,85.18,82.71,83.15,1161700.0,0.0,1.0,82.88,85.18,82.71,83.15,1161700.0
2003-05-19,83.5,84.05,82.85,83.01,1172100.0,0.0,1.0,83.5,84.05,82.85,83.01,1172100.0
2003-05-16,85.15,86.0,83.01,84.0,2047200.0,0.0,1.0,85.15,86.0,83.01,84.0,2047200.0
2003-05-15,85.9,86.29,85.01,85.55,2297800.0,0.0,1.0,85.9,86.29,85.01,85.55,2297800.0
2003-05-14,86.75,86.96,84.83,84.98,1544200.0,0.0,1.0,86.75,86.96,84.83,84.98,1544200.0
2003-05-13,87.41,87.65,86.6,86.6,1162100.0,0.0,1.0,87.41,87.65,86.6,86.6,1162100.0
2003-05-12,86.86,87.68,86.4,87.41,1513500.0,0.0,1.0,86.86,87.68,86.4,87.41,1513500.0
2003-05-09,85.35,87.0,84.79,86.85,1011000.0,0.0,1.0,85.35,87.0,84.79,86.85,1011000.0
2003-05-08,84.56,85.88,84.49,85.1,1202600.0,0.0,1.0,84.56,85.88,84.49,85.1,1202600.0
2003-05-07,85.3,85.99,84.54,84.99,1607100.0,0.0,1.0,85.3,85.99,84.54,84.99,1607100.0
2003-05-06,83.6,85.85,83.46,85.63,2060400.0,0.0,1.0,83.6,85.85,83.46,85.63,2060400.0
2003-05-05,83.47,84.56,82.41,83.6,1102900.0,0.0,1.0,83.47,84.56,82.41,83.6,1102900.0
2003-05-02,80.96,82.7,80.6,82.47,1100000.0,0.0,1.0,80.96,82.7,80.6,82.47,1100000.0
2003-05-01,80.4,80.96,79.39,80.96,1231400.0,0.0,1.0,80.4,80.96,79.39,80.96,1231400.0
2003-04-30,80.2,81.34,79.81,80.81,1163000.0,0.0,1.0,80.2,81.34,79.81,80.81,1163000.0
2003-04-29,79.4,80.49,78.84,80.34,1165600.0,0.0,1.0,79.4,80.49,78.84,80.34,1165600.0
2003-04-28,78.05,80.26,78.05,79.32,1046500.0,0.0,1.0,78.05,80.26,78.05,79.32,1046500.0
2003-04-25,79.31,79.31,77.92,78.13,787200.0,0.0,1.0,79.31,79.31,77.92,78.13,787200.0
2003-04-24,79.9,79.9,78.65,79.31,678300.0,0.0,1.0,79.9,79.9,78.65,79.31,678300.0
2003-04-23,78.48,80.3,78.15,80.0,1599800.0,0.0,1.0,78.48,80.3,78.15,80.0,1599800.0
2003-04-22,75.79,78.84,75.57,78.5,1202200.0,0.0,1.0,75.79,78.84,75.57,78.5,1202200.0
2003-04-21,76.99,76.99,75.12,75.79,948200.0,0.0,1.0,76.99,76.99,75.12,75.79,948200.0
2003-04-17,75.1,76.99,74.62,76.99,1039800.0,0.0,1.0,75.1,76.99,74.62,76.99,1039800.0
2003-04-16,77.79,77.79,74.5,75.1,1229000.0,0.0,1.0,77.79,77.79,74.5,75.1,1229000.0
2003-04-15,76.35,77.86,75.84,77.79,1069700.0,0.0,1.0,76.35,77.86,75.84,77.79,1069700.0
2003-04-14,75.33,76.72,74.8,76.49,680100.0,0.0,1.0,75.33,76.72,74.8,76.49,680100.0
2003-04-11,75.45,75.85,74.9,75.24,664500.0,0.0,1.0,75.45,75.85,74.9,75.24,664500.0
2003-04-10,74.06,74.99,73.68,74.9,835200.0,0.0,1.0,74.06,74.99,73.68,74.9,835200.0
2003-04-09,74.85,74.98,73.82,74.04,1617600.0,0.0,1.0,74.85,74.98,73.82,74.04,1617600.0
2003-04-08,76.36,76.36,75.38,75.57,1482300.0,0.0,1.0,76.36,76.36,75.38,75.57,1482300.0
2003-04-07,77.11,79.0,76.52,76.61,1051700.0,0.0,1.0,77.11,79.0,76.52,76.61,1051700.0
2003-04-04,75.41,76.62,75.41,76.38,1539100.0,0.0,1.0,75.41,76.62,75.41,76.38,1539100.0
2003-04-03,72.5,76.36,72.39,75.41,2336100.0,0.0,1.0,72.5,76.36,72.39,75.41,2336100.0
2003-04-02,70.3,72.49,70.3,72.2,925600.0,0.0,1.0,70.3,72.49,70.3,72.2,925600.0
2003-04-01,68.9,70.03,67.91,69.5,1188200.0,0.0,1.0,68.9,70.03,67.91,69.5,1188200.0
2003-03-31,68.35,69.61,67.4,68.71,1333300.0,0.0,1.0,68.35,69.61,67.4,68.71,1333300.0
2003-03-28,70.6,70.78,69.62,69.82,782600.0,0.0,1.0,70.6,70.78,69.62,69.82,782600.0
2003-03-27,71.7,71.72,70.85,70.85,1196600.0,0.0,1.0,71.7,71.72,70.85,70.85,1196600.0
2003-03-26,72.05,72.6,71.39,72.0,1357500.0,0.0,1.0,72.05,72.6,71.39,72.0,1357500.0
2003-03-25,70.85,72.33,70.61,72.05,959100.0,0.0,1.0,70.85,72.33,70.61,72.05,959100.0
2003-03-24,73.16,73.16,70.11,70.37,1258700.0,0.0,1.0,73.16,73.16,70.11,70.37,1258700.0
2003-03-21,71.6,73.22,71.29,73.15,1114600.0,0.0,1.0,71.6,73.22,71.29,73.15,1114600.0
2003-03-20,71.18,71.61,70.1,71.14,1034400.0,0.0,1.0,71.18,71.61,70.1,71.14,1034400.0
2003-03-19,71.4,72.05,70.34,71.18,939700.0,0.0,1.0,71.4,72.05,70.34,71.18,939700.0
2003-03-18,72.34,72.46,70.57,71.2,1213500.0,0.0,1.0,72.34,72.46,70.57,71.2,1213500.0
2003-03-17,69.97,72.4,69.25,72.34,1430300.0,0.0,1.0,69.97,72.4,69.25,72.34,1430300.0
2003-03-14,69.0,69.97,68.77,69.97,1744600.0,0.0,1.0,69.0,69.97,68.77,69.97,1744600.0
2003-03-13,65.95,69.1,65.8,68.97,1836200.0,0.0,1.0,65.95,69.1,65.8,68.97,1836200.0
2003-03-12,64.21,64.5,63.8,64.5,810600.0,0.0,1.0,64.21,64.5,63.8,64.5,810600.0
2003-03-11,64.25,64.77,63.87,64.21,1264600.0,0.0,1.0,64.25,64.77,63.87,64.21,1264600.0
2003-03-10,65.03,65.25,64.04,64.25,698900.0,0.0,1.0,65.03,65.25,64.04,64.25,698900.0
2003-03-07,64.07,65.52,63.47,65.13,1425500.0,0.0,1.0,64.07,65.52,63.47,65.13,1425500.0
2003-03-06,64.3,64.7,63.7,64.06,1396300.0,0.0,1.0,64.3,64.7,63.7,64.06,1396300.0
2003-03-05,61.11,64.57,61.11,64.5,2297600.0,0.0,1.0,61.11,64.57,61.11,64.5,2297600.0
2003-03-04,65.3,65.45,62.78,63.0,1509700.0,0.0,1.0,65.3,65.45,62.78,63.0,1509700.0
2003-03-03,66.25,66.99,65.66,66.03,885200.0,0.0,1.0,66.25,66.99,65.66,66.03,885200.0
2003-02-28,65.75,66.15,65.37,65.8,881100.0,0.0,1.0,65.75,66.15,65.37,65.8,881100.0
2003-02-27,62.5,65.75,62.5,65.5,1140400.0,0.0,1.0,62.5,65.75,62.5,65.5,1140400.0
2003-02-26,64.96,65.35,64.32,64.86,1099900.0,0.0,1.0,64.96,65.35,64.32,64.86,1099900.0
2003-02-25,64.01,64.96,63.07,64.96,1322000.0,0.0,1.0,64.01,64.96,63.07,64.96,1322000.0
2003-02-24,66.6,66.79,64.3,64.5,1048000.0,0.0,1.0,66.6,66.79,64.3,64.5,1048000.0
2003-02-21,66.25,66.75,65.61,66.56,1184500.0,0.0,1.0,66.25,66.75,65.61,66.56,1184500.0
2003-02-20,65.55,66.25,64.9,66.25,1190400.0,0.0,1.0,65.55,66.25,64.9,66.25,1190400.0
2003-02-19,66.5,66.61,64.5,65.25,966000.0,0.0,1.0,66.5,66.61,64.5,65.25,966000.0
2003-02-18,65.89,67.49,65.89,66.66,691100.0,0.0,1.0,65.89,67.49,65.89,66.66,691100.0
2003-02-14,63.95,65.74,63.3,65.7,1181200.0,0.0,1.0,63.95,65.74,63.3,65.7,1181200.0
2003-02-13,63.95,64.34,62.78,63.8,1031500.0,0.0,1.0,63.95,64.34,62.78,63.8,1031500.0
2003-02-12,63.8,64.85,63.54,64.23,1060700.0,0.0,1.0,63.8,64.85,63.54,64.23,1060700.0
2003-02-11,64.0,64.95,63.76,64.3,1099100.0,0.0,1.0,64.0,64.95,63.76,64.3,1099100.0
2003-02-10,64.1,64.1,61.75,62.99,1446700.0,0.0,1.0,64.1,64.1,61.75,62.99,1446700.0
2003-02-07,64.64,65.17,63.5,64.15,1291400.0,0.0,1.0,64.64,65.17,63.5,64.15,1291400.0
2003-02-06,65.5,65.81,64.0,64.0,1428000.0,0.0,1.0,65.5,65.81,64.0,64.0,1428000.0
2003-02-05,65.74,66.3,64.79,65.59,1299300.0,0.0,1.0,65.74,66.3,64.79,65.59,1299300.0
2003-02-04,65.85,66.75,64.76,65.5,1703700.0,0.0,1.0,65.85,66.75,64.76,65.5,1703700.0
2003-02-03,66.1,67.0,65.55,66.09,2404900.0,0.0,1.0,66.1,67.0,65.55,66.09,2404900.0
2003-01-31,64.05,65.95,64.0,65.71,1735900.0,0.0,1.0,64.05,65.95,64.0,65.71,1735900.0
2003-01-30,65.51,67.49,64.1,64.36,4209100.0,0.0,1.0,65.51,67.49,64.1,64.36,4209100.0
2003-01-29,60.1,61.42,59.6,61.2,1146700.0,0.0,1.0,60.1,61.42,59.6,61.2,1146700.0
2003-01-28,59.6,61.05,58.83,60.75,1838900.0,0.0,1.0,59.6,61.05,58.83,60.75,1838900.0
2003-01-27,59.0,60.5,58.21,58.61,1988200.0,0.0,1.0,59.0,60.5,58.21,58.61,1988200.0
2003-01-24,62.7,62.9,60.09,60.83,1773200.0,0.0,1.0,62.7,62.9,60.09,60.83,1773200.0
2003-01-23,62.3,62.79,61.49,62.7,2604600.0,0.0,1.0,62.3,62.79,61.49,62.7,2604600.0
2003-01-22,63.6,63.99,60.71,61.1,2333600.0,0.0,1.0,63.6,63.99,60.71,61.1,2333600.0
2003-01-21,65.98,66.13,63.57,63.7,1078000.0,0.0,1.0,65.98,66.13,63.57,63.7,1078000.0
2003-01-17,65.1,66.2,64.7,66.15,1618000.0,0.0,1.0,65.1,66.2,64.7,66.15,1618000.0
2003-01-16,64.35,65.1,63.6,65.1,2297500.0,0.0,1.0,64.35,65.1,63.6,65.1,2297500.0
2003-01-15,65.85,65.87,63.55,64.35,1859700.0,0.0,1.0,65.85,65.87,63.55,64.35,1859700.0
2003-01-14,66.25,66.42,65.3,65.5,2037600.0,0.0,1.0,66.25,66.42,65.3,65.5,2037600.0
2003-01-13,68.9,69.4,66.45,66.45,1561800.0,0.0,1.0,68.9,69.4,66.45,66.45,1561800.0
2003-01-10,68.65,68.91,68.18,68.7,975800.0,0.0,1.0,68.65,68.91,68.18,68.7,975800.0
2003-01-09,68.51,69.19,68.51,68.96,1207600.0,0.0,1.0,68.51,69.19,68.51,68.96,1207600.0
2003-01-08,69.68,69.94,67.62,67.89,1735500.0,0.0,1.0,69.68,69.94,67.62,67.89,1735500.0
2003-01-07,70.6,70.95,69.2,69.68,2670400.0,0.0,1.0,70.6,70.95,69.2,69.68,2670400.0
2003-01-06,72.99,72.99,70.97,71.06,2549300.0,0.0,1.0,72.99,72.99,70.97,71.06,2549300.0
2003-01-03,73.51,73.51,72.55,72.98,1104800.0,0.0,1.0,73.51,73.51,72.55,72.98,1104800.0
2003-01-02,71.2,73.62,71.12,73.55,934900.0,0.0,1.0,71.2,73.62,71.12,73.55,934900.0
2002-12-31,71.24,71.8,70.55,70.65,767000.0,0.0,1.0,71.24,71.8,70.55,70.65,767000.0
2002-12-30,70.05,71.5,69.4,71.24,1064400.0,0.0,1.0,70.05,71.5,69.4,71.24,1064400.0
2002-12-27,70.15,71.14,70.14,70.15,602000.0,0.0,1.0,70.15,71.14,70.14,70.15,602000.0
2002-12-26,69.87,71.67,69.87,70.6,649700.0,0.0,1.0,69.87,71.67,69.87,70.6,649700.0
2002-12-24,69.8,70.83,69.8,69.87,453300.0,0.0,1.0,69.8,70.83,69.8,69.87,453300.0
2002-12-23,70.26,70.39,69.0,69.87,1327300.0,0.0,1.0,70.26,70.39,69.0,69.87,1327300.0
2002-12-20,71.5,71.83,69.91,70.56,1468800.0,0.0,1.0,71.5,71.83,69.91,70.56,1468800.0
2002-12-19,71.66,72.35,70.68,71.3,1140500.0,0.0,1.0,71.66,72.35,70.68,71.3,1140500.0
2002-12-18,71.05,72.34,70.87,71.65,1365900.0,0.0,1.0,71.05,72.34,70.87,71.65,1365900.0
2002-12-17,70.27,72.13,70.0,71.9,1969300.0,0.0,1.0,70.27,72.13,70.0,71.9,1969300.0
2002-12-16,69.5,70.94,68.9,70.77,2490200.0,0.0,1.0,69.5,70.94,68.9,70.77,2490200.0
2002-12-13,71.99,71.99,66.72,68.51,6070600.0,0.0,1.0,71.99,71.99,66.72,68.51,6070600.0
2002-12-12,80.11,80.11,72.6,73.56,6028900.0,0.0,1.0,80.11,80.11,72.6,73.56,6028900.0
2002-12-11,79.9,80.3,79.39,79.66,1158600.0,0.0,1.0,79.9,80.3,79.39,79.66,1158600.0
2002-12-10,78.93,80.47,78.85,80.32,1057100.0,0.0,1.0,78.93,80.47,78.85,80.32,1057100.0
2002-12-09,79.96,79.96,78.29,78.43,732100.0,0.0,1.0,79.96,79.96,78.29,78.43,732100.0
2002-12-06,78.37,80.5,78.37,79.96,620000.0,0.0,1.0,78.37,80.5,78.37,79.96,620000.0
2002-12-05,79.73,80.17,78.41,79.37,604200.0,0.0,1.0,79.73,80.17,78.41,79.37,604200.0
2002-12-04,78.68,80.0,72.0,79.53,1281300.0,0.0,1.0,78.68,80.0,72.0,79.53,1281300.0
2002-12-03,80.05,80.05,78.12,78.67,1419700.0,0.0,1.0,80.05,80.05,78.12,78.67,1419700.0
2002-12-02,82.65,83.82,79.44,80.06,1316700.0,0.0,1.0,82.65,83.82,79.44,80.06,1316700.0
2002-11-29,83.47,83.6,81.69,81.7,586200.0,0.0,1.0,83.47,83.6,81.69,81.7,586200.0
2002-11-27,80.75,83.72,80.34,83.47,849200.0,0.0,1.0,80.75,83.72,80.34,83.47,849200.0
2002-11-26,83.09,83.09,80.0,80.1,2079400.0,0.0,1.0,83.09,83.09,80.0,80.1,2079400.0
2002-11-25,85.2,86.45,83.06,83.08,1478100.0,0.0,1.0,85.2,86.45,83.06,83.08,1478100.0
2002-11-22,84.45,85.8,84.36,85.32,828900.0,0.0,1.0,84.45,85.8,84.36,85.32,828900.0
2002-11-21,83.35,84.75,82.7,84.44,1007200.0,0.0,1.0,83.35,84.75,82.7,84.44,1007200.0
2002-11-20,83.0,83.33,82.12,82.8,1630200.0,0.0,1.0,83.0,83.33,82.12,82.8,1630200.0
2002-11-19,83.46,85.0,82.22,83.38,1003300.0,0.0,1.0,83.46,85.0,82.22,83.38,1003300.0
2002-11-18,85.25,85.47,83.35,83.45,786500.0,0.0,1.0,85.25,85.47,83.35,83.45,786500.0
2002-11-15,84.7,85.24,83.55,85.0,966500.0,0.0,1.0,84.7,85.24,83.55,85.0,966500.0
2002-11-14,84.65,85.3,83.97,85.15,1008700.0,0.0,1.0,84.65,85.3,83.97,85.15,1008700.0
2002-11-13,81.67,84.6,81.25,84.08,976000.0,0.0,1.0,81.67,84.6,81.25,84.08,976000.0
2002-11-12,81.53,83.25,80.7,81.77,1206300.0,0.0,1.0,81.53,83.25,80.7,81.77,1206300.0
2002-11-11,82.41,82.42,81.13,81.53,584000.0,0.0,1.0,82.41,82.42,81.13,81.53,584000.0
2002-11-08,83.8,84.73,81.8,82.41,700500.0,0.0,1.0,83.8,84.73,81.8,82.41,700500.0
2002-11-07,85.1,85.59,83.3,83.8,938100.0,0.0,1.0,85.1,85.59,83.3,83.8,938100.0
2002-11-06,86.47,86.67,83.95,85.32,1103800.0,0.0,1.0,86.47,86.67,83.95,85.32,1103800.0
2002-11-05,85.27,86.53,84.57,86.43,858900.0,0.0,1.0,85.27,86.53,84.57,86.43,858900.0
2002-11-04,88.35,88.35,85.0,85.27,1062900.0,0.0,1.0,88.35,88.35,85.0,85.27,1062900.0
2002-11-01,85.6,88.35,85.41,87.9,1101200.0,0.0,1.0,85.6,88.35,85.41,87.9,1101200.0
2002-10-31,84.03,86.5,84.03,85.77,1278400.0,0.0,1.0,84.03,86.5,84.03,85.77,1278400.0
2002-10-30,84.2,84.95,82.72,84.02,988500.0,0.0,1.0,84.2,84.95,82.72,84.02,988500.0
2002-10-29,82.65,84.3,81.15,84.3,1290400.0,0.0,1.0,82.65,84.3,81.15,84.3,1290400.0
2002-10-28,86.25,86.25,82.65,83.11,1050600.0,0.0,1.0,86.25,86.25,82.65,83.11,1050600.0
2002-10-25,85.1,86.08,84.16,85.95,1161100.0,0.0,1.0,85.1,86.08,84.16,85.95,1161100.0
2002-10-24,88.5,89.34,84.26,85.03,1852600.0,0.0,1.0,88.5,89.34,84.26,85.03,1852600.0
2002-10-23,86.6,87.87,86.36,87.77,884600.0,0.0,1.0,86.6,87.87,86.36,87.77,884600.0
2002-10-22,87.76,88.45,86.07,86.7,974600.0,0.0,1.0,87.76,88.45,86.07,86.7,974600.0
2002-10-21,85.65,88.24,84.65,87.76,1352500.0,0.0,1.0,85.65,88.24,84.65,87.76,1352500.0
2002-10-18,83.88,85.8,82.46,85.79,1736300.0,0.0,1.0,83.88,85.8,82.46,85.79,1736300.0
2002-10-17,84.5,84.71,83.4,83.88,937600.0,0.0,1.0,84.5,84.71,83.4,83.88,937600.0
2002-10-16,83.5,83.5,81.3,82.63,1008900.0,0.0,1.0,83.5,83.5,81.3,82.63,1008900.0
2002-10-15,84.15,84.76,83.0,83.5,1705100.0,0.0,1.0,84.15,84.76,83.0,83.5,1705100.0
2002-10-14,80.8,82.97,80.77,82.45,1204100.0,0.0,1.0,80.8,82.97,80.77,82.45,1204100.0
2002-10-11,81.0,82.03,80.3,81.3,1344800.0,0.0,1.0,81.0,82.03,80.3,81.3,1344800.0
2002-10-10,77.46,80.5,76.76,79.38,1590700.0,0.0,1.0,77.46,80.5,76.76,79.38,1590700.0
2002-10-09,79.0,79.99,77.25,77.48,1797100.0,0.0,1.0,79.0,79.99,77.25,77.48,1797100.0
2002-10-08,81.07,81.85,78.26,80.19,1859400.0,0.0,1.0,81.07,81.85,78.26,80.19,1859400.0
2002-10-07,80.97,81.49,79.22,81.07,1578400.0,0.0,1.0,80.97,81.49,79.22,81.07,1578400.0
2002-10-04,81.35,81.8,79.61,81.27,1174700.0,0.0,1.0,81.35,81.8,79.61,81.27,1174700.0
2002-10-03,81.41,82.67,80.95,80.99,1040000.0,0.0,1.0,81.41,82.67,80.95,80.99,1040000.0
2002-10-02,81.4,83.09,80.66,81.4,1577200.0,0.0,1.0,81.4,83.09,80.66,81.4,1577200.0
2002-10-01,79.48,81.75,78.1,81.28,1983000.0,0.0,1.0,79.48,81.75,78.1,81.28,1983000.0
2002-09-30,80.0,80.24,76.85,78.86,1440800.0,0.0,1.0,80.0,80.24,76.85,78.86,1440800.0
2002-09-27,80.6,81.96,79.78,79.99,1395700.0,0.0,1.0,80.6,81.96,79.78,79.99,1395700.0
2002-09-26,79.89,80.99,79.0,80.85,2105900.0,0.0,1.0,79.89,80.99,79.0,80.85,2105900.0
2002-09-25,76.19,79.5,75.0,79.27,3872900.0,0.0,1.0,76.19,79.5,75.0,79.27,3872900.0
2002-09-24,74.0,76.96,72.99,73.05,1642600.0,0.0,1.0,74.0,76.96,72.99,73.05,1642600.0
2002-09-23,75.5,75.85,74.12,74.78,1004800.0,0.0,1.0,75.5,75.85,74.12,74.78,1004800.0
2002-09-20,75.05,76.52,74.84,75.85,1074500.0,0.0,1.0,75.05,76.52,74.84,75.85,1074500.0
2002-09-19,73.5,75.75,73.18,74.78,952300.0,0.0,1.0,73.5,75.75,73.18,74.78,952300.0
2002-09-18,73.7,74.99,73.7,74.25,911000.0,0.0,1.0,73.7,74.99,73.7,74.25,911000.0
2002-09-17,76.89,76.98,74.88,74.94,934200.0,0.0,1.0,76.89,76.98,74.88,74.94,934200.0
2002-09-16,74.55,75.45,74.23,75.25,385100.0,0.0,1.0,74.55,75.45,74.23,75.25,385100.0
2002-09-13,72.91,74.82,72.35,74.42,688400.0,0.0,1.0,72.91,74.82,72.35,74.42,688400.0
2002-09-12,75.36,75.36,73.05,73.08,714000.0,0.0,1.0,75.36,75.36,73.05,73.08,714000.0
2002-09-11,76.5,76.85,75.29,75.45,713300.0,0.0,1.0,76.5,76.85,75.29,75.45,713300.0
2002-09-10,75.1,76.15,74.64,75.55,1259700.0,0.0,1.0,75.1,76.15,74.64,75.55,1259700.0
2002-09-09,72.8,75.2,72.35,74.71,759600.0,0.0,1.0,72.8,75.2,72.35,74.71,759600.0
2002-09-06,72.2,73.4,72.2,73.29,688300.0,0.0,1.0,72.2,73.4,72.2,73.29,688300.0
2002-09-05,69.6,71.41,68.55,71.12,843600.0,0.0,1.0,69.6,71.41,68.55,71.12,843600.0
2002-09-04,70.42,70.7,68.7,70.16,1279300.0,0.0,1.0,70.42,70.7,68.7,70.16,1279300.0
2002-09-03,72.15,72.83,70.84,71.0,1240800.0,0.0,1.0,72.15,72.83,70.84,71.0,1240800.0
2002-08-30,71.97,73.45,71.8,72.35,675200.0,0.0,1.0,71.97,73.45,71.8,72.35,675200.0
2002-08-29,70.45,72.58,69.89,71.91,707900.0,0.0,1.0,70.45,72.58,69.89,71.91,707900.0
2002-08-28,71.5,71.94,70.62,71.01,459400.0,0.0,1.0,71.5,71.94,70.62,71.01,459400.0
2002-08-27,73.84,74.25,71.54,71.94,686900.0,0.0,1.0,73.84,74.25,71.54,71.94,686900.0
2002-08-26,73.78,74.4,72.12,73.81,533200.0,0.0,1.0,73.78,74.4,72.12,73.81,533200.0
2002-08-23,74.0,74.0,72.9,73.77,606600.0,0.0,1.0,74.0,74.0,72.9,73.77,606600.0
2002-08-22,75.0,75.6,74.4,74.68,711000.0,0.0,1.0,75.0,75.6,74.4,74.68,711000.0
2002-08-21,73.81,75.2,73.32,75.1,1097600.0,0.0,1.0,73.81,75.2,73.32,75.1,1097600.0
2002-08-20,73.0,73.77,71.8,73.56,1166400.0,0.0,1.0,73.0,73.77,71.8,73.56,1166400.0
2002-08-19,71.58,73.99,71.25,73.84,770700.0,0.0,1.0,71.58,73.99,71.25,73.84,770700.0
2002-08-16,72.15,72.35,70.32,71.56,673900.0,0.0,1.0,72.15,72.35,70.32,71.56,673900.0
2002-08-15,70.0,72.4,68.53,72.2,1878400.0,0.0,1.0,70.0,72.4,68.53,72.2,1878400.0
2002-08-14,66.15,69.35,65.5,69.25,1277800.0,0.0,1.0,66.15,69.35,65.5,69.25,1277800.0
2002-08-13,65.7,68.32,65.55,66.15,1455000.0,0.0,1.0,65.7,68.32,65.55,66.15,1455000.0
2002-08-12,66.6,66.6,64.79,65.25,1092000.0,0.0,1.0,66.6,66.6,64.79,65.25,1092000.0
2002-08-09,66.0,67.85,65.31,67.28,1233900.0,0.0,1.0,66.0,67.85,65.31,67.28,1233900.0
2002-08-08,68.05,68.06,64.5,66.4,2095900.0,0.0,1.0,68.05,68.06,64.5,66.4,2095900.0
2002-08-07,68.95,69.3,66.67,68.5,812400.0,0.0,1.0,68.95,69.3,66.67,68.5,812400.0
2002-08-06,66.2,68.9,66.2,67.67,1165300.0,0.0,1.0,66.2,68.9,66.2,67.67,1165300.0
2002-08-05,67.0,68.45,65.2,65.3,1406300.0,0.0,1.0,67.0,68.45,65.2,65.3,1406300.0
2002-08-02,70.5,70.85,66.88,67.96,952300.0,0.0,1.0,70.5,70.85,66.88,67.96,952300.0
2002-08-01,72.5,72.85,70.69,71.09,1154500.0,0.0,1.0,72.5,72.85,70.69,71.09,1154500.0
2002-07-31,73.7,73.88,71.8,73.75,1439300.0,0.0,1.0,73.7,73.88,71.8,73.75,1439300.0
2002-07-30,73.79,75.5,72.03,73.87,1835000.0,0.0,1.0,73.79,75.5,72.03,73.87,1835000.0
2002-07-29,69.5,74.0,69.45,73.79,1890200.0,0.0,1.0,69.5,74.0,69.45,73.79,1890200.0
2002-07-26,67.32,69.76,66.95,68.87,1296600.0,0.0,1.0,67.32,69.76,66.95,68.87,1296600.0
2002-07-25,66.7,68.05,64.95,67.57,1693000.0,0.0,1.0,66.7,68.05,64.95,67.57,1693000.0
2002-07-24,60.05,67.53,59.2,67.19,2699800.0,0.0,1.0,60.05,67.53,59.2,67.19,2699800.0
2002-07-23,63.5,64.76,61.5,61.73,1488700.0,0.0,1.0,63.5,64.76,61.5,61.73,1488700.0
2002-07-22,64.5,66.0,61.92,62.82,1755200.0,0.0,1.0,64.5,66.0,61.92,62.82,1755200.0
2002-07-19,67.0,67.58,64.51,64.88,1502200.0,0.0,1.0,67.0,67.58,64.51,64.88,1502200.0
2002-07-18,67.7,70.2,67.6,68.4,1400900.0,0.0,1.0,67.7,70.2,67.6,68.4,1400900.0
2002-07-17,68.0,69.3,65.8,67.19,1581000.0,0.0,1.0,68.0,69.3,65.8,67.19,1581000.0
2002-07-16,67.1,68.3,65.97,67.25,1452200.0,0.0,1.0,67.1,68.3,65.97,67.25,1452200.0
2002-07-15,69.4,69.4,65.21,67.84,2070800.0,0.0,1.0,69.4,69.4,65.21,67.84,2070800.0
2002-07-12,69.75,70.9,68.56,69.35,1727500.0,0.0,1.0,69.75,70.9,68.56,69.35,1727500.0
2002-07-11,71.0,72.54,66.8,69.7,2836700.0,0.0,1.0,71.0,72.54,66.8,69.7,2836700.0
2002-07-10,74.1,74.4,71.96,72.11,1205600.0,0.0,1.0,74.1,74.4,71.96,72.11,1205600.0
2002-07-09,75.22,75.9,73.65,73.65,976900.0,0.0,1.0,75.22,75.9,73.65,73.65,976900.0
2002-07-08,76.85,77.45,74.6,75.28,1130400.0,0.0,1.0,76.85,77.45,74.6,75.28,1130400.0
2002-07-05,74.18,77.1,74.18,77.1,360400.0,0.0,1.0,74.18,77.1,74.18,77.1,360400.0
2002-07-03,73.0,73.97,70.8,73.68,1816900.0,0.0,1.0,73.0,73.97,70.8,73.68,1816900.0
2002-07-02,76.55,76.69,72.63,74.2,2168400.0,0.0,1.0,76.55,76.69,72.63,74.2,2168400.0
2002-07-01,77.4,78.9,76.55,76.55,888400.0,0.0,1.0,77.4,78.9,76.55,76.55,888400.0
2002-06-28,77.8,79.8,77.3,77.3,1022400.0,0.0,1.0,77.8,79.8,77.3,77.3,1022400.0
2002-06-27,79.5,80.21,77.0,77.75,1521400.0,0.0,1.0,79.5,80.21,77.0,77.75,1521400.0
2002-06-26,74.5,79.25,72.0,78.9,2193000.0,0.0,1.0,74.5,79.25,72.0,78.9,2193000.0
2002-06-25,81.6,82.81,78.0,78.23,966900.0,0.0,1.0,81.6,82.81,78.0,78.23,966900.0
2002-06-24,80.35,82.25,80.01,81.35,932500.0,0.0,1.0,80.35,82.25,80.01,81.35,932500.0
2002-06-21,80.0,82.07,79.9,80.96,885100.0,0.0,1.0,80.0,82.07,79.9,80.96,885100.0
2002-06-20,81.9,82.5,81.5,81.78,839300.0,0.0,1.0,81.9,82.5,81.5,81.78,839300.0
2002-06-19,80.5,82.3,80.1,81.9,1071300.0,0.0,1.0,80.5,82.3,80.1,81.9,1071300.0
2002-06-18,81.6,81.6,80.37,80.83,849500.0,0.0,1.0,81.6,81.6,80.37,80.83,849500.0
2002-06-17,81.0,82.0,80.75,81.6,713800.0,0.0,1.0,81.0,82.0,80.75,81.6,713800.0
2002-06-14,81.0,81.1,79.1,80.59,914100.0,0.0,1.0,81.0,81.1,79.1,80.59,914100.0
2002-06-13,81.7,82.24,80.9,81.0,747100.0,0.0,1.0,81.7,82.24,80.9,81.0,747100.0
2002-06-12,82.52,82.98,81.65,82.04,919300.0,0.0,1.0,82.52,82.98,81.65,82.04,919300.0
2002-06-11,82.52,84.24,82.26,82.27,809300.0,0.0,1.0,82.52,84.24,82.26,82.27,809300.0
2002-06-10,83.2,84.5,82.33,82.52,1124500.0,0.0,1.0,83.2,84.5,82.33,82.52,1124500.0
2002-06-07,81.71,83.25,81.36,82.95,1128000.0,0.0,1.0,81.71,83.25,81.36,82.95,1128000.0
2002-06-06,80.67,82.0,80.5,81.71,807600.0,0.0,1.0,80.67,82.0,80.5,81.71,807600.0
2002-06-05,78.9,81.5,78.7,80.67,1220800.0,0.0,1.0,78.9,81.5,78.7,80.67,1220800.0
2002-06-04,80.85,81.2,78.1,78.86,1264400.0,0.0,1.0,80.85,81.2,78.1,78.86,1264400.0
2002-06-03,81.85,82.75,80.84,81.01,775500.0,0.0,1.0,81.85,82.75,80.84,81.01,775500.0
2002-05-31,82.2,83.44,81.24,81.85,1156800.0,0.0,1.0,82.2,83.44,81.24,81.85,1156800.0
2002-05-30,80.2,83.04,79.85,82.56,1400500.0,0.0,1.0,80.2,83.04,79.85,82.56,1400500.0
2002-05-29,81.26,81.8,79.74,80.65,862400.0,0.0,1.0,81.26,81.8,79.74,80.65,862400.0
2002-05-28,82.8,82.8,80.4,81.31,1444200.0,0.0,1.0,82.8,82.8,80.4,81.31,1444200.0
2002-05-24,82.4,83.42,81.5,82.53,1594100.0,0.0,1.0,82.4,83.42,81.5,82.53,1594100.0
2002-05-23,77.45,81.4,77.45,81.3,3045600.0,0.0,1.0,77.45,81.4,77.45,81.3,3045600.0
2002-05-22,75.05,77.0,73.5,76.67,4415900.0,0.0,1.0,75.05,77.0,73.5,76.67,4415900.0
2002-05-21,76.3,76.9,72.2,72.7,1636200.0,0.0,1.0,76.3,76.9,72.2,72.7,1636200.0
2002-05-20,73.85,76.0,73.7,75.6,920700.0,0.0,1.0,73.85,76.0,73.7,75.6,920700.0
2002-05-17,73.1,74.0,72.6,73.7,977800.0,0.0,1.0,73.1,74.0,72.6,73.7,977800.0
2002-05-16,74.5,74.5,73.5,73.81,788300.0,0.0,1.0,74.5,74.5,73.5,73.81,788300.0
2002-05-15,74.9,75.2,74.3,74.49,1162800.0,0.0,1.0,74.9,75.2,74.3,74.49,1162800.0
2002-05-14,76.25,77.3,74.7,75.0,1341800.0,0.0,1.0,76.25,77.3,74.7,75.0,1341800.0
2002-05-13,75.3,75.77,74.55,75.57,481500.0,0.0,1.0,75.3,75.77,74.55,75.57,481500.0
2002-05-10,76.29,76.46,75.3,75.55,526800.0,0.0,1.0,76.29,76.46,75.3,75.55,526800.0
2002-05-09,77.0,77.65,76.15,76.28,676600.0,0.0,1.0,77.0,77.65,76.15,76.28,676600.0
2002-05-08,78.4,78.45,76.18,77.32,638400.0,0.0,1.0,78.4,78.45,76.18,77.32,638400.0
2002-05-07,76.09,77.7,76.09,77.0,855700.0,0.0,1.0,76.09,77.7,76.09,77.0,855700.0
2002-05-06,75.75,77.35,75.75,75.9,615500.0,0.0,1.0,75.75,77.35,75.75,75.9,615500.0
2002-05-03,76.05,77.15,75.5,75.5,637500.0,0.0,1.0,76.05,77.15,75.5,75.5,637500.0
2002-05-02,76.1,76.79,75.56,76.2,1052300.0,0.0,1.0,76.1,76.79,75.56,76.2,1052300.0
2002-05-01,75.99,76.55,74.2,76.1,1212900.0,0.0,1.0,75.99,76.55,74.2,76.1,1212900.0
2002-04-30,74.75,76.6,74.43,76.0,925900.0,0.0,1.0,74.75,76.6,74.43,76.0,925900.0
2002-04-29,78.5,78.5,74.7,74.75,1130600.0,0.0,1.0,78.5,78.5,74.7,74.75,1130600.0
2002-04-26,78.76,80.0,78.13,78.5,1383000.0,0.0,1.0,78.76,80.0,78.13,78.5,1383000.0
2002-04-25,75.89,79.2,75.35,78.75,1592600.0,0.0,1.0,75.89,79.2,75.35,78.75,1592600.0
2002-04-24,75.02,76.49,74.61,75.88,746000.0,0.0,1.0,75.02,76.49,74.61,75.88,746000.0
2002-04-23,74.75,75.5,74.48,75.14,583200.0,0.0,1.0,74.75,75.5,74.48,75.14,583200.0
2002-04-22,74.59,74.99,74.2,74.74,780200.0,0.0,1.0,74.59,74.99,74.2,74.74,780200.0
2002-04-19,75.35,75.49,74.15,74.58,1229800.0,0.0,1.0,75.35,75.49,74.15,74.58,1229800.0
2002-04-18,73.5,76.0,73.5,75.34,1975200.0,0.0,1.0,73.5,76.0,73.5,75.34,1975200.0
2002-04-17,72.01,73.5,72.0,73.25,1111500.0,0.0,1.0,72.01,73.5,72.0,73.25,1111500.0
2002-04-16,71.01,72.2,70.55,72.01,859600.0,0.0,1.0,71.01,72.2,70.55,72.01,859600.0
2002-04-15,70.18,71.25,70.04,70.91,551000.0,0.0,1.0,70.18,71.25,70.04,70.91,551000.0
2002-04-12,70.66,71.2,69.3,70.17,607100.0,0.0,1.0,70.66,71.2,69.3,70.17,607100.0
2002-04-11,70.41,71.64,70.41,70.83,809300.0,0.0,1.0,70.41,71.64,70.41,70.83,809300.0
2002-04-10,69.88,70.64,69.5,70.4,566800.0,0.0,1.0,69.88,70.64,69.5,70.4,566800.0
2002-04-09,70.8,70.9,69.8,69.88,825000.0,0.0,1.0,70.8,70.9,69.8,69.88,825000.0
2002-04-08,68.57,70.24,68.2,70.12,583200.0,0.0,1.0,68.57,70.24,68.2,70.12,583200.0
2002-04-05,66.94,69.0,66.81,68.56,884600.0,0.0,1.0,66.94,69.0,66.81,68.56,884600.0
2002-04-04,65.15,67.16,65.15,66.69,668700.0,0.0,1.0,65.15,67.16,65.15,66.69,668700.0
2002-04-03,65.05,65.82,64.9,65.48,738300.0,0.0,1.0,65.05,65.82,64.9,65.48,738300.0
2002-04-02,65.5,66.52,64.48,64.62,1426000.0,0.0,1.0,65.5,66.52,64.48,64.62,1426000.0
2002-04-01,68.6,68.85,66.41,66.44,866800.0,0.0,1.0,68.6,68.85,66.41,66.44,866800.0
2002-03-28,68.2,69.25,68.2,68.85,531600.0,0.0,1.0,68.2,69.25,68.2,68.85,531600.0
2002-03-27,67.5,68.76,67.3,68.3,545200.0,0.0,1.0,67.5,68.76,67.3,68.3,545200.0
2002-03-26,68.65,68.65,67.55,67.74,1194800.0,0.0,1.0,68.65,68.65,67.55,67.74,1194800.0
2002-03-25,68.85,69.5,68.45,68.52,704800.0,0.0,1.0,68.85,69.5,68.45,68.52,704800.0
2002-03-22,69.1,69.66,68.2,68.6,548600.0,0.0,1.0,69.1,69.66,68.2,68.6,548600.0
2002-03-21,70.6,70.7,69.21,69.35,1043800.0,0.0,1.0,70.6,70.7,69.21,69.35,1043800.0
2002-03-20,70.3,71.46,70.13,70.76,1007200.0,0.0,1.0,70.3,71.46,70.13,70.76,1007200.0
2002-03-19,69.24,70.73,69.19,70.35,1301200.0,0.0,1.0,69.24,70.73,69.19,70.35,1301200.0
2002-03-18,69.0,69.65,68.5,69.23,842400.0,0.0,1.0,69.0,69.65,68.5,69.23,842400.0
2002-03-15,68.1,68.7,67.71,68.45,1486600.0,0.0,1.0,68.1,68.7,67.71,68.45,1486600.0
2002-03-14,67.1,68.2,67.1,67.69,986900.0,0.0,1.0,67.1,68.2,67.1,67.69,986900.0
2002-03-13,67.2,67.8,66.75,67.62,1173500.0,0.0,1.0,67.2,67.8,66.75,67.62,1173500.0
2002-03-12,64.4,67.3,64.3,66.8,1563800.0,0.0,1.0,64.4,67.3,64.3,66.8,1563800.0
2002-03-11,64.75,65.88,63.85,65.0,1168200.0,0.0,1.0,64.75,65.88,63.85,65.0,1168200.0
2002-03-08,66.45,67.0,64.22,64.52,1001900.0,0.0,1.0,66.45,67.0,64.22,64.52,1001900.0
2002-03-07,64.18,66.5,64.18,65.53,1154300.0,0.0,1.0,64.18,66.5,64.18,65.53,1154300.0
2002-03-06,61.75,64.4,61.5,64.18,1543800.0,0.0,1.0,61.75,64.4,61.5,64.18,1543800.0
2002-03-05,63.9,64.21,61.23,62.0,2015200.0,0.0,1.0,63.9,64.21,61.23,62.0,2015200.0
2002-03-04,63.95,65.0,63.4,64.06,1176800.0,0.0,1.0,63.95,65.0,63.4,64.06,1176800.0
2002-03-01,66.36,66.66,63.25,63.9,1496600.0,0.0,1.0,66.36,66.66,63.25,63.9,1496600.0
2002-02-28,66.8,67.1,66.05,66.36,1405700.0,0.0,1.0,66.8,67.1,66.05,66.36,1405700.0
2002-02-27,69.5,69.5,65.63,67.0,2905500.0,0.0,1.0,69.5,69.5,65.63,67.0,2905500.0
2002-02-26,70.4,70.7,68.65,69.5,1184700.0,0.0,1.0,70.4,70.7,68.65,69.5,1184700.0
2002-02-25,70.0,71.2,68.77,69.9,1927800.0,0.0,1.0,70.0,71.2,68.77,69.9,1927800.0
2002-02-22,69.4,70.02,66.8,70.01,1775300.0,0.0,1.0,69.4,70.02,66.8,70.01,1775300.0
2002-02-21,67.99,69.53,67.86,68.9,1413300.0,0.0,1.0,67.99,69.53,67.86,68.9,1413300.0
2002-02-20,66.65,68.0,66.48,68.0,794800.0,0.0,1.0,66.65,68.0,66.48,68.0,794800.0
2002-02-19,66.52,67.09,65.5,65.93,393900.0,0.0,1.0,66.52,67.09,65.5,65.93,393900.0
2002-02-15,68.0,68.2,66.6,67.13,484600.0,0.0,1.0,68.0,68.2,66.6,67.13,484600.0
2002-02-14,66.73,67.91,66.6,67.87,654100.0,0.0,1.0,66.73,67.91,66.6,67.87,654100.0
2002-02-13,66.8,67.25,66.0,66.72,570200.0,0.0,1.0,66.8,67.25,66.0,66.72,570200.0
2002-02-12,66.45,66.66,66.0,66.19,669100.0,0.0,1.0,66.45,66.66,66.0,66.19,669100.0
2002-02-11,65.0,66.67,65.0,66.49,717800.0,0.0,1.0,65.0,66.67,65.0,66.49,717800.0
2002-02-08,64.77,65.26,64.4,65.18,598000.0,0.0,1.0,64.77,65.26,64.4,65.18,598000.0
2002-02-07,64.86,65.75,64.53,65.02,664900.0,0.0,1.0,64.86,65.75,64.53,65.02,664900.0
2002-02-06,65.25,65.4,64.25,64.7,597500.0,0.0,1.0,65.25,65.4,64.25,64.7,597500.0
2002-02-05,65.88,66.5,64.38,65.0,895200.0,0.0,1.0,65.88,66.5,64.38,65.0,895200.0
2002-02-04,67.0,67.62,65.21,65.88,645300.0,0.0,1.0,67.0,67.62,65.21,65.88,645300.0
2002-02-01,68.0,68.3,66.53,67.11,710900.0,0.0,1.0,68.0,68.3,66.53,67.11,710900.0
2002-01-31,67.6,67.77,66.24,67.65,1038800.0,0.0,1.0,67.6,67.77,66.24,67.65,1038800.0
2002-01-30,64.29,67.25,63.65,66.95,1230000.0,0.0,1.0,64.29,67.25,63.65,66.95,1230000.0
2002-01-29,64.79,65.95,63.4,64.14,706900.0,0.0,1.0,64.79,65.95,63.4,64.14,706900.0
2002-01-28,65.5,66.44,64.11,64.79,2326100.0,0.0,1.0,65.5,66.44,64.11,64.79,2326100.0
2002-01-25,63.74,65.65,63.67,64.76,2125100.0,0.0,1.0,63.74,65.65,63.67,64.76,2125100.0
2002-01-24,64.45,64.98,61.35,63.74,2175700.0,0.0,1.0,64.45,64.98,61.35,63.74,2175700.0
2002-01-23,63.86,64.51,63.8,64.45,981900.0,0.0,1.0,63.86,64.51,63.8,64.45,981900.0
2002-01-22,64.67,65.59,64.61,64.89,760500.0,0.0,1.0,64.67,65.59,64.61,64.89,760500.0
2002-01-18,63.99,64.84,63.8,64.42,425300.0,0.0,1.0,63.99,64.84,63.8,64.42,425300.0
2002-01-17,64.45,64.6,63.55,63.99,986000.0,0.0,1.0,64.45,64.6,63.55,63.99,986000.0
2002-01-16,65.05,65.05,64.28,64.38,663400.0,0.0,1.0,65.05,65.05,64.28,64.38,663400.0
2002-01-15,63.93,65.41,63.93,65.14,975100.0,0.0,1.0,63.93,65.41,63.93,65.14,975100.0
2002-01-14,64.1,64.75,63.85,63.85,849900.0,0.0,1.0,64.1,64.75,63.85,63.85,849900.0
2002-01-11,65.45,65.6,64.71,64.86,893500.0,0.0,1.0,65.45,65.6,64.71,64.86,893500.0
2002-01-10,64.1,65.41,63.9,65.2,1135500.0,0.0,1.0,64.1,65.41,63.9,65.2,1135500.0
2002-01-09,65.59,65.7,64.12,64.2,1369700.0,0.0,1.0,65.59,65.7,64.12,64.2,1369700.0
2002-01-08,66.5,66.95,65.05,65.29,819500.0,0.0,1.0,66.5,66.95,65.05,65.29,819500.0
2002-01-07,67.45,67.79,66.01,66.14,1083100.0,0.0,1.0,67.45,67.79,66.01,66.14,1083100.0
2002-01-04,65.9,67.35,65.51,67.0,2286000.0,0.0,1.0,65.9,67.35,65.51,67.0,2286000.0
2002-01-03,70.0,70.49,65.25,65.45,2652900.0,0.0,1.0,70.0,70.49,65.25,65.45,2652900.0
2002-01-02,71.85,72.2,69.4,70.0,1107900.0,0.0,1.0,71.85,72.2,69.4,70.0,1107900.0
2001-12-31,73.14,73.25,71.8,71.8,799500.0,0.0,1.0,73.14,73.25,71.8,71.8,799500.0
2001-12-28,73.2,73.2,72.74,72.89,698100.0,0.0,1.0,73.2,73.2,72.74,72.89,698100.0
2001-12-27,73.1,73.6,72.7,73.03,767700.0,0.0,1.0,73.1,73.6,72.7,73.03,767700.0
2001-12-26,74.33,74.85,72.35,73.0,3476600.0,0.0,1.0,74.33,74.85,72.35,73.0,3476600.0
2001-12-24,73.55,74.64,73.52,74.33,224900.0,0.0,1.0,73.55,74.64,73.52,74.33,224900.0
2001-12-21,74.64,74.64,73.5,73.55,1288200.0,0.0,1.0,74.64,74.64,73.5,73.55,1288200.0
2001-12-20,74.25,75.69,74.25,74.6,1207700.0,0.0,1.0,74.25,75.69,74.25,74.6,1207700.0
2001-12-19,73.65,74.98,72.5,74.75,858400.0,0.0,1.0,73.65,74.98,72.5,74.75,858400.0
2001-12-18,73.9,74.36,73.62,73.9,996600.0,0.0,1.0,73.9,74.36,73.62,73.9,996600.0
2001-12-17,73.3,73.99,73.22,73.5,782800.0,0.0,1.0,73.3,73.99,73.22,73.5,782800.0
2001-12-14,74.0,74.55,71.9,73.5,1436900.0,0.0,1.0,74.0,74.55,71.9,73.5,1436900.0
2001-12-13,73.2,74.5,72.85,73.75,1103800.0,0.0,1.0,73.2,74.5,72.85,73.75,1103800.0
2001-12-12,73.2,73.99,72.75,73.2,1523100.0,0.0,1.0,73.2,73.99,72.75,73.2,1523100.0
2001-12-11,73.95,74.27,73.4,73.7,1667400.0,0.0,1.0,73.95,74.27,73.4,73.7,1667400.0
2001-12-10,76.0,76.2,73.7,73.9,1664600.0,0.0,1.0,76.0,76.2,73.7,73.9,1664600.0
2001-12-07,76.89,77.5,75.36,76.2,1744400.0,0.0,1.0,76.89,77.5,75.36,76.2,1744400.0
2001-12-06,79.16,80.0,76.68,76.9,4733000.0,0.0,1.0,79.16,80.0,76.68,76.9,4733000.0
2001-12-05,74.0,79.9,71.85,79.15,9469900.0,0.0,1.0,74.0,79.9,71.85,79.15,9469900.0
2001-12-04,66.5,66.99,65.6,66.59,852300.0,0.0,1.0,66.5,66.99,65.6,66.59,852300.0
2001-12-03,67.3,67.3,65.8,66.27,763000.0,0.0,1.0,67.3,67.3,65.8,66.27,763000.0
2001-11-30,66.6,67.6,66.6,67.3,656400.0,0.0,1.0,66.6,67.6,66.6,67.3,656400.0
2001-11-29,65.85,67.7,65.79,66.57,887300.0,0.0,1.0,65.85,67.7,65.79,66.57,887300.0
2001-11-28,66.15,66.3,65.45,65.76,619100.0,0.0,1.0,66.15,66.3,65.45,65.76,619100.0
2001-11-27,66.65,67.3,65.99,66.25,712700.0,0.0,1.0,66.65,67.3,65.99,66.25,712700.0
2001-11-26,67.08,67.7,66.4,66.9,604900.0,0.0,1.0,67.08,67.7,66.4,66.9,604900.0
2001-11-23,65.77,67.0,65.77,66.83,202000.0,0.0,1.0,65.77,67.0,65.77,66.83,202000.0
2001-11-21,66.45,66.46,64.61,65.75,558300.0,0.0,1.0,66.45,66.46,64.61,65.75,558300.0
2001-11-20,66.61,67.55,66.0,66.88,973900.0,0.0,1.0,66.61,67.55,66.0,66.88,973900.0
2001-11-19,64.85,67.39,64.65,66.6,1100500.0,0.0,1.0,64.85,67.39,64.65,66.6,1100500.0
2001-11-16,66.5,66.5,63.86,64.8,1751300.0,0.0,1.0,66.5,66.5,63.86,64.8,1751300.0
2001-11-15,66.85,67.65,66.08,66.5,1273800.0,0.0,1.0,66.85,67.65,66.08,66.5,1273800.0
2001-11-14,67.0,68.0,66.5,66.85,1566600.0,0.0,1.0,67.0,68.0,66.5,66.85,1566600.0
2001-11-13,65.5,67.18,65.4,66.88,1108400.0,0.0,1.0,65.5,67.18,65.4,66.88,1108400.0
2001-11-12,64.49,65.05,62.5,64.56,943500.0,0.0,1.0,64.49,65.05,62.5,64.56,943500.0
2001-11-09,65.3,65.31,63.6,64.49,1130600.0,0.0,1.0,65.3,65.31,63.6,64.49,1130600.0
2001-11-08,65.5,67.0,65.3,65.45,1741000.0,0.0,1.0,65.5,67.0,65.3,65.45,1741000.0
2001-11-07,63.95,64.9,62.97,64.36,1029300.0,0.0,1.0,63.95,64.9,62.97,64.36,1029300.0
2001-11-06,62.2,64.51,62.14,64.2,2043500.0,0.0,1.0,62.2,64.51,62.14,64.2,2043500.0
2001-11-05,61.25,62.5,60.62,62.18,1058900.0,0.0,1.0,61.25,62.5,60.62,62.18,1058900.0
2001-11-02,59.0,60.93,58.9,60.66,888400.0,0.0,1.0,59.0,60.93,58.9,60.66,888400.0
2001-11-01,58.5,59.24,57.71,59.15,971000.0,0.0,1.0,58.5,59.24,57.71,59.15,971000.0
2001-10-31,56.45,58.8,55.9,58.53,2181700.0,0.0,1.0,56.45,58.8,55.9,58.53,2181700.0
2001-10-30,55.1,55.55,54.25,54.48,1345000.0,0.0,1.0,55.1,55.55,54.25,54.48,1345000.0
2001-10-29,57.29,57.29,55.77,55.93,1641900.0,0.0,1.0,57.29,57.29,55.77,55.93,1641900.0
2001-10-26,57.27,57.4,56.7,57.27,1395800.0,0.0,1.0,57.27,57.4,56.7,57.27,1395800.0
2001-10-25,56.9,57.5,56.76,57.34,1263700.0,0.0,1.0,56.9,57.5,56.76,57.34,1263700.0
2001-10-24,57.9,58.1,57.2,57.43,1110900.0,0.0,1.0,57.9,58.1,57.2,57.43,1110900.0
2001-10-23,58.11,58.4,57.35,57.78,1581700.0,0.0,1.0,58.11,58.4,57.35,57.78,1581700.0
2001-10-22,59.86,59.86,57.87,58.11,1346800.0,0.0,1.0,59.86,59.86,57.87,58.11,1346800.0
2001-10-19,58.2,59.95,58.15,59.85,1504500.0,0.0,1.0,58.2,59.95,58.15,59.85,1504500.0
2001-10-18,57.9,58.58,57.34,58.39,1185000.0,0.0,1.0,57.9,58.58,57.34,58.39,1185000.0
2001-10-17,58.4,58.97,57.31,57.91,1926600.0,0.0,1.0,58.4,58.97,57.31,57.91,1926600.0
2001-10-16,56.85,58.18,56.75,58.06,1407500.0,0.0,1.0,56.85,58.18,56.75,58.06,1407500.0
2001-10-15,55.55,56.8,55.2,56.73,926800.0,0.0,1.0,55.55,56.8,55.2,56.73,926800.0
2001-10-12,56.05,56.05,54.76,55.75,1165300.0,0.0,1.0,56.05,56.05,54.76,55.75,1165300.0
2001-10-11,55.25,56.2,55.2,56.04,1628600.0,0.0,1.0,55.25,56.2,55.2,56.04,1628600.0
2001-10-10,54.4,55.1,54.15,55.0,1672300.0,0.0,1.0,54.4,55.1,54.15,55.0,1672300.0
2001-10-09,54.25,55.2,53.75,54.45,2015200.0,0.0,1.0,54.25,55.2,53.75,54.45,2015200.0
2001-10-08,52.8,54.28,52.4,54.28,1151300.0,0.0,1.0,52.8,54.28,52.4,54.28,1151300.0
2001-10-05,52.28,52.8,51.75,52.8,2192200.0,0.0,1.0,52.28,52.8,51.75,52.8,2192200.0
2001-10-04,54.05,54.12,52.26,52.27,1981300.0,0.0,1.0,54.05,54.12,52.26,52.27,1981300.0
2001-10-03,53.55,54.45,53.0,53.95,2079600.0,0.0,1.0,53.55,54.45,53.0,53.95,2079600.0
2001-10-02,53.71,54.69,52.65,53.49,2238000.0,0.0,1.0,53.71,54.69,52.65,53.49,2238000.0
2001-10-01,51.99,53.75,51.3,53.46,1908100.0,0.0,1.0,51.99,53.75,51.3,53.46,1908100.0
2001-09-28,52.07,52.53,51.3,51.86,2200300.0,0.0,1.0,52.07,52.53,51.3,51.86,2200300.0
2001-09-27,49.37,51.6,48.78,50.9,2352100.0,0.0,1.0,49.37,51.6,48.78,50.9,2352100.0
2001-09-26,48.96,50.0,48.33,49.62,2409400.0,0.0,1.0,48.96,50.0,48.33,49.62,2409400.0
2001-09-25,47.1,49.6,47.05,48.95,2544500.0,0.0,1.0,47.1,49.6,47.05,48.95,2544500.0
2001-09-24,44.89,47.8,44.89,47.04,1668500.0,0.0,1.0,44.89,47.8,44.89,47.04,1668500.0
2001-09-21,42.02,44.29,41.75,44.05,2377900.0,0.0,1.0,42.02,44.29,41.75,44.05,2377900.0
2001-09-20,43.9,44.5,42.65,43.37,2231200.0,0.0,1.0,43.9,44.5,42.65,43.37,2231200.0
2001-09-19,42.5,44.1,42.5,43.9,2373500.0,0.0,1.0,42.5,44.1,42.5,43.9,2373500.0
2001-09-18,40.5,42.53,39.6,42.5,1897400.0,0.0,1.0,40.5,42.53,39.6,42.5,1897400.0
2001-09-17,39.5,39.5,38.07,38.49,1300400.0,0.0,1.0,39.5,39.5,38.07,38.49,1300400.0
2001-09-10,41.49,42.15,41.16,41.51,1052100.0,0.0,1.0,41.49,42.15,41.16,41.51,1052100.0
2001-09-07,44.23,44.6,41.82,42.1,1395900.0,0.0,1.0,44.23,44.6,41.82,42.1,1395900.0
2001-09-06,46.0,46.0,44.05,44.36,1103200.0,0.0,1.0,46.0,46.0,44.05,44.36,1103200.0
2001-09-05,46.9,47.1,45.56,46.09,1060900.0,0.0,1.0,46.9,47.1,45.56,46.09,1060900.0
2001-09-04,46.9,47.75,46.56,46.99,795000.0,0.0,1.0,46.9,47.75,46.56,46.99,795000.0
2001-08-31,45.25,46.9,45.25,46.2,733100.0,0.0,1.0,45.25,46.9,45.25,46.2,733100.0
2001-08-30,45.95,46.15,45.08,45.18,890000.0,0.0,1.0,45.95,46.15,45.08,45.18,890000.0
2001-08-29,46.45,46.59,45.81,45.95,502000.0,0.0,1.0,46.45,46.59,45.81,45.95,502000.0
2001-08-28,47.46,47.56,46.0,46.2,795100.0,0.0,1.0,47.46,47.56,46.0,46.2,795100.0
2001-08-27,47.5,48.6,47.0,47.46,1117900.0,0.0,1.0,47.5,48.6,47.0,47.46,1117900.0
2001-08-24,45.5,47.5,45.36,47.5,1360000.0,0.0,1.0,45.5,47.5,45.36,47.5,1360000.0
2001-08-23,43.6,45.3,43.6,45.0,1177500.0,0.0,1.0,43.6,45.3,43.6,45.0,1177500.0
2001-08-22,44.45,44.5,43.0,43.6,1579600.0,0.0,1.0,44.45,44.5,43.0,43.6,1579600.0
2001-08-21,45.3,45.3,44.2,44.54,862000.0,0.0,1.0,45.3,45.3,44.2,44.54,862000.0
2001-08-20,45.65,45.65,44.7,45.08,1190800.0,0.0,1.0,45.65,45.65,44.7,45.08,1190800.0
2001-08-17,46.5,46.51,45.29,45.65,664700.0,0.0,1.0,46.5,46.51,45.29,45.65,664700.0
2001-08-16,45.8,47.52,45.8,46.75,1271200.0,0.0,1.0,45.8,47.52,45.8,46.75,1271200.0
2001-08-15,45.85,46.05,45.5,45.65,410000.0,0.0,1.0,45.85,46.05,45.5,45.65,410000.0
2001-08-14,45.75,46.51,45.7,45.8,753900.0,0.0,1.0,45.75,46.51,45.7,45.8,753900.0
2001-08-13,45.53,45.76,44.89,45.71,755900.0,0.0,1.0,45.53,45.76,44.89,45.71,755900.0
2001-08-10,45.65,45.85,44.3,45.53,635800.0,0.0,1.0,45.65,45.85,44.3,45.53,635800.0
2001-08-09,45.3,46.0,43.5,45.65,1437700.0,0.0,1.0,45.3,46.0,43.5,45.65,1437700.0
2001-08-08,46.5,46.74,45.25,45.63,971200.0,0.0,1.0,46.5,46.74,45.25,45.63,971200.0
2001-08-07,46.0,47.45,45.85,47.0,705200.0,0.0,1.0,46.0,47.45,45.85,47.0,705200.0
2001-08-06,46.8,46.82,46.0,46.37,689400.0,0.0,1.0,46.8,46.82,46.0,46.37,689400.0
2001-08-03,46.25,47.3,45.4,46.87,630300.0,0.0,1.0,46.25,47.3,45.4,46.87,630300.0
2001-08-02,46.6,47.0,46.0,46.2,518300.0,0.0,1.0,46.6,47.0,46.0,46.2,518300.0
2001-08-01,47.35,47.35,46.3,46.5,848100.0,0.0,1.0,47.35,47.35,46.3,46.5,848100.0
2001-07-31,47.1,47.91,47.0,47.33,1213500.0,0.0,1.0,47.1,47.91,47.0,47.33,1213500.0
2001-07-30,48.42,49.2,47.5,47.65,1332300.0,0.0,1.0,48.42,49.2,47.5,47.65,1332300.0
2001-07-27,48.26,48.26,47.72,48.17,385300.0,0.0,1.0,48.26,48.26,47.72,48.17,385300.0
2001-07-26,47.4,48.3,47.13,48.26,721600.0,0.0,1.0,47.4,48.3,47.13,48.26,721600.0
2001-07-25,46.35,47.45,45.8,47.41,940000.0,0.0,1.0,46.35,47.45,45.8,47.41,940000.0
2001-07-24,46.76,47.3,46.02,46.29,1198300.0,0.0,1.0,46.76,47.3,46.02,46.29,1198300.0
2001-07-23,47.71,48.16,46.7,46.75,1093100.0,0.0,1.0,47.71,48.16,46.7,46.75,1093100.0
2001-07-20,48.01,48.91,47.7,47.7,1403900.0,0.0,1.0,48.01,48.91,47.7,47.7,1403900.0
2001-07-19,47.02,48.2,47.0,48.01,1563700.0,0.0,1.0,47.02,48.2,47.0,48.01,1563700.0
2001-07-18,46.5,48.3,46.4,47.02,2089400.0,0.0,1.0,46.5,48.3,46.4,47.02,2089400.0
2001-07-17,44.5,47.1,44.21,47.01,1602000.0,0.0,1.0,44.5,47.1,44.21,47.01,1602000.0
2001-07-16,43.5,44.53,43.25,43.7,713500.0,0.0,1.0,43.5,44.53,43.25,43.7,713500.0
2001-07-13,43.54,44.0,42.8,43.48,1033900.0,0.0,1.0,43.54,44.0,42.8,43.48,1033900.0
2001-07-12,43.5,45.2,43.15,43.76,1994300.0,0.0,1.0,43.5,45.2,43.15,43.76,1994300.0
2001-07-11,39.5,42.2,39.4,42.11,2332200.0,0.0,1.0,39.5,42.2,39.4,42.11,2332200.0
2001-07-10,37.62,38.3,37.38,37.91,519500.0,0.0,1.0,37.62,38.3,37.38,37.91,519500.0
2001-07-09,37.4,37.81,37.2,37.75,456500.0,0.0,1.0,37.4,37.81,37.2,37.75,456500.0
2001-07-06,38.1,38.1,37.01,37.39,513500.0,0.0,1.0,38.1,38.1,37.01,37.39,513500.0
2001-07-05,38.5,38.5,37.73,38.1,285600.0,0.0,1.0,38.5,38.5,37.73,38.1,285600.0
2001-07-03,38.41,38.85,38.03,38.73,237600.0,0.0,1.0,38.41,38.85,38.03,38.73,237600.0
2001-07-02,37.4,38.7,37.31,38.66,647600.0,0.0,1.0,37.4,38.7,37.31,38.66,647600.0
2001-06-29,38.51,38.88,36.95,37.5,1374500.0,0.0,1.0,38.51,38.88,36.95,37.5,1374500.0
2001-06-28,37.95,39.05,37.87,38.76,694200.0,0.0,1.0,37.95,39.05,37.87,38.76,694200.0
2001-06-27,37.9,38.9,37.85,38.07,611500.0,0.0,1.0,37.9,38.9,37.85,38.07,611500.0
2001-06-26,37.45,38.25,37.29,38.01,444500.0,0.0,1.0,37.45,38.25,37.29,38.01,444500.0
2001-06-25,38.07,38.15,37.33,37.7,607100.0,0.0,1.0,38.07,38.15,37.33,37.7,607100.0
2001-06-22,38.25,38.44,37.4,38.07,723500.0,0.0,1.0,38.25,38.44,37.4,38.07,723500.0
2001-06-21,38.75,39.14,38.34,38.8,786300.0,0.0,1.0,38.75,39.14,38.34,38.8,786300.0
2001-06-20,38.15,38.88,38.15,38.75,653800.0,0.0,1.0,38.15,38.88,38.15,38.75,653800.0
2001-06-19,38.5,38.78,37.8,37.99,936100.0,0.0,1.0,38.5,38.78,37.8,37.99,936100.0
2001-06-18,37.6,39.24,37.5,38.85,1394400.0,0.0,1.0,37.6,39.24,37.5,38.85,1394400.0
2001-06-15,37.1,37.75,36.75,37.46,1291700.0,0.0,1.0,37.1,37.75,36.75,37.46,1291700.0
2001-06-14,35.27,37.25,34.96,36.67,2282900.0,0.0,1.0,35.27,37.25,34.96,36.67,2282900.0
2001-06-13,34.0,36.0,33.98,35.27,1533900.0,0.0,1.0,34.0,36.0,33.98,35.27,1533900.0
2001-06-12,33.2,33.9,32.7,33.84,974900.0,0.0,1.0,33.2,33.9,32.7,33.84,974900.0
2001-06-11,33.55,33.65,32.92,33.05,253600.0,0.0,1.0,33.55,33.65,32.92,33.05,253600.0
2001-06-08,33.8,33.8,32.7,33.55,314100.0,0.0,1.0,33.8,33.8,32.7,33.55,314100.0
2001-06-07,33.81,33.81,33.33,33.77,488600.0,0.0,1.0,33.81,33.81,33.33,33.77,488600.0
2001-06-06,33.83,34.0,33.6,33.81,312600.0,0.0,1.0,33.83,34.0,33.6,33.81,312600.0
2001-06-05,33.5,33.88,33.37,33.82,307200.0,0.0,1.0,33.5,33.88,33.37,33.82,307200.0
2001-06-04,33.6,33.61,33.35,33.61,487800.0,0.0,1.0,33.6,33.61,33.35,33.61,487800.0
2001-06-01,33.45,33.86,33.35,33.85,558000.0,0.0,1.0,33.45,33.86,33.35,33.85,558000.0
2001-05-31,32.95,33.1,32.9,33.07,646600.0,0.0,1.0,32.95,33.1,32.9,33.07,646600.0
2001-05-30,33.0,33.18,32.7,32.91,589400.0,0.0,1.0,33.0,33.18,32.7,32.91,589400.0
2001-05-29,33.1,33.28,32.97,33.06,887000.0,0.0,1.0,33.1,33.28,32.97,33.06,887000.0
2001-05-25,33.0,33.18,32.75,32.85,351400.0,0.0,1.0,33.0,33.18,32.75,32.85,351400.0
2001-05-24,32.58,33.95,32.41,33.01,729900.0,0.0,1.0,32.58,33.95,32.41,33.01,729900.0
2001-05-23,33.1,33.15,32.33,32.58,368600.0,0.0,1.0,33.1,33.15,32.33,32.58,368600.0
2001-05-22,33.95,33.95,33.1,33.22,576000.0,0.0,1.0,33.95,33.95,33.1,33.22,576000.0
2001-05-21,33.0,33.95,32.98,33.95,706800.0,0.0,1.0,33.0,33.95,32.98,33.95,706800.0
2001-05-18,32.85,32.85,32.05,32.54,250500.0,0.0,1.0,32.85,32.85,32.05,32.54,250500.0
2001-05-17,31.88,33.25,31.8,32.85,594700.0,0.0,1.0,31.88,33.25,31.8,32.85,594700.0
2001-05-16,31.35,32.0,31.26,31.88,385700.0,0.0,1.0,31.35,32.0,31.26,31.88,385700.0
2001-05-15,31.82,31.9,31.55,31.76,222800.0,0.0,1.0,31.82,31.9,31.55,31.76,222800.0
2001-05-14,31.7,31.95,31.28,31.82,382000.0,0.0,1.0,31.7,31.95,31.28,31.82,382000.0
2001-05-11,31.05,31.65,31.05,31.32,235200.0,0.0,1.0,31.05,31.65,31.05,31.32,235200.0
2001-05-10,30.75,31.48,30.75,30.95,513000.0,0.0,1.0,30.75,31.48,30.75,30.95,513000.0
2001-05-09,31.15,31.15,30.32,30.62,378800.0,0.0,1.0,31.15,31.15,30.32,30.62,378800.0
2001-05-08,31.01,31.26,30.63,31.24,298900.0,0.0,1.0,31.01,31.26,30.63,31.24,298900.0
2001-05-07,31.3,31.3,30.7,31.01,356100.0,0.0,1.0,31.3,31.3,30.7,31.01,356100.0
2001-05-04,31.3,31.3,30.64,31.0,560700.0,0.0,1.0,31.3,31.3,30.64,31.0,560700.0
2001-05-03,31.55,31.55,30.95,31.47,410400.0,0.0,1.0,31.55,31.55,30.95,31.47,410400.0
2001-05-02,31.9,31.9,31.34,31.62,401300.0,0.0,1.0,31.9,31.9,31.34,31.62,401300.0
2001-05-01,31.34,31.98,31.26,31.98,365900.0,0.0,1.0,31.34,31.98,31.26,31.98,365900.0
2001-04-30,30.5,31.95,30.5,31.34,626900.0,0.0,1.0,30.5,31.95,30.5,31.34,626900.0
2001-04-27,30.1,30.91,30.07,30.5,398900.0,0.0,1.0,30.1,30.91,30.07,30.5,398900.0
2001-04-26,29.55,30.24,29.5,30.06,337900.0,0.0,1.0,29.55,30.24,29.5,30.06,337900.0
2001-04-25,29.55,29.95,29.15,29.7,284100.0,0.0,1.0,29.55,29.95,29.15,29.7,284100.0
2001-04-24,30.2,30.2,29.34,29.51,266400.0,0.0,1.0,30.2,30.2,29.34,29.51,266400.0
2001-04-23,29.57,30.15,29.43,30.15,494400.0,0.0,1.0,29.57,30.15,29.43,30.15,494400.0
2001-04-20,29.74,29.95,29.55,29.58,216200.0,0.0,1.0,29.74,29.95,29.55,29.58,216200.0
2001-04-19,29.7,29.83,28.9,29.73,708100.0,0.0,1.0,29.7,29.83,28.9,29.73,708100.0
2001-04-18,29.0,29.99,29.0,29.94,487700.0,0.0,1.0,29.0,29.99,29.0,29.94,487700.0
2001-04-17,28.85,29.11,28.76,29.1,199000.0,0.0,1.0,28.85,29.11,28.76,29.1,199000.0
2001-04-16,29.05,29.2,28.55,28.7,298000.0,0.0,1.0,29.05,29.2,28.55,28.7,298000.0
2001-04-12,28.9,29.5,28.56,29.0,810300.0,0.0,1.0,28.9,29.5,28.56,29.0,810300.0
2001-04-11,29.46,29.98,29.14,29.95,629100.0,0.0,1.0,29.46,29.98,29.14,29.95,629100.0
2001-04-10,28.71,29.75,28.71,29.4,657900.0,0.0,1.0,28.71,29.75,28.71,29.4,657900.0
2001-04-09,28.0,28.7,27.92,28.61,467800.0,0.0,1.0,28.0,28.7,27.92,28.61,467800.0
2001-04-06,28.3,28.35,27.3,28.15,216400.0,0.0,1.0,28.3,28.35,27.3,28.15,216400.0
2001-04-05,27.95,28.58,27.81,28.48,260500.0,0.0,1.0,27.95,28.58,27.81,28.48,260500.0
2001-04-04,27.45,27.92,27.14,27.74,227400.0,0.0,1.0,27.45,27.92,27.14,27.74,227400.0
2001-04-03,27.95,27.98,27.0,27.49,216300.0,0.0,1.0,27.95,27.98,27.0,27.49,216300.0
2001-04-02,27.95,28.49,27.7,27.85,230400.0,0.0,1.0,27.95,28.49,27.7,27.85,230400.0
2001-03-30,27.84,28.15,27.84,28.02,2187600.0,0.0,1.0,27.84,28.15,27.84,28.02,2187600.0
2001-03-29,27.05,28.09,26.55,27.84,406400.0,0.0,1.0,27.05,28.09,26.55,27.84,406400.0
2001-03-28,27.6,27.61,26.5,27.12,392600.0,0.0,1.0,27.6,27.61,26.5,27.12,392600.0
2001-03-27,27.1,27.88,27.1,27.78,226800.0,0.0,1.0,27.1,27.88,27.1,27.78,226800.0
2001-03-26,26.75,27.24,26.65,27.1,193300.0,0.0,1.0,26.75,27.24,26.65,27.1,193300.0
2001-03-23,26.67,26.8,25.75,26.63,437600.0,0.0,1.0,26.67,26.8,25.75,26.63,437600.0
2001-03-22,26.6,26.61,25.57,26.54,845200.0,0.0,1.0,26.6,26.61,25.57,26.54,845200.0
2001-03-21,26.73,26.98,26.5,26.72,295900.0,0.0,1.0,26.73,26.98,26.5,26.72,295900.0
2001-03-20,27.05,28.2,26.85,26.97,305200.0,0.0,1.0,27.05,28.2,26.85,26.97,305200.0
2001-03-19,26.66,27.06,26.45,26.95,236100.0,0.0,1.0,26.66,27.06,26.45,26.95,236100.0
2001-03-16,26.4,27.1,26.36,26.81,453500.0,0.0,1.0,26.4,27.1,26.36,26.81,453500.0
2001-03-15,26.9,26.92,26.5,26.72,552300.0,0.0,1.0,26.9,26.92,26.5,26.72,552300.0
2001-03-14,27.0,27.17,26.2,26.53,420900.0,0.0,1.0,27.0,27.17,26.2,26.53,420900.0
2001-03-13,27.28,27.4,26.66,27.4,1058100.0,0.0,1.0,27.28,27.4,26.66,27.4,1058100.0
2001-03-12,27.6,27.75,27.0,27.08,1458200.0,0.0,1.0,27.6,27.75,27.0,27.08,1458200.0
2001-03-09,27.65,27.79,27.18,27.6,321200.0,0.0,1.0,27.65,27.79,27.18,27.6,321200.0
2001-03-08,27.42,28.49,27.23,27.9,1280800.0,0.0,1.0,27.42,28.49,27.23,27.9,1280800.0
2001-03-07,26.46,27.55,26.46,27.41,406300.0,0.0,1.0,26.46,27.55,26.46,27.41,406300.0
2001-03-06,26.25,26.6,25.8,26.48,494800.0,0.0,1.0,26.25,26.6,25.8,26.48,494800.0
2001-03-05,26.25,26.65,26.07,26.14,455100.0,0.0,1.0,26.25,26.65,26.07,26.14,455100.0
2001-03-02,26.0,26.38,25.56,26.2,583100.0,0.0,1.0,26.0,26.38,25.56,26.2,583100.0
2001-03-01,24.98,26.1,24.85,26.0,1198200.0,0.0,1.0,24.98,26.1,24.85,26.0,1198200.0
2001-02-28,25.8,26.0,25.0,25.26,373500.0,0.0,1.0,25.8,26.0,25.0,25.26,373500.0
2001-02-27,25.95,25.95,25.21,25.4,224500.0,0.0,1.0,25.95,25.95,25.21,25.4,224500.0
2001-02-26,24.42,25.72,24.42,25.62,377700.0,0.0,1.0,24.42,25.72,24.42,25.62,377700.0
2001-02-23,24.5,25.5,24.37,24.66,387700.0,0.0,1.0,24.5,25.5,24.37,24.66,387700.0
2001-02-22,24.56,24.89,24.44,24.46,452300.0,0.0,1.0,24.56,24.89,24.44,24.46,452300.0
2001-02-21,25.68,25.68,24.5,24.5,335200.0,0.0,1.0,25.68,25.68,24.5,24.5,335200.0
2001-02-20,25.88,26.07,25.55,25.68,182900.0,0.0,1.0,25.88,26.07,25.55,25.68,182900.0
2001-02-16,25.05,26.02,25.05,25.85,340300.0,0.0,1.0,25.05,26.02,25.05,25.85,340300.0
2001-02-15,26.0,26.1,25.87,26.02,443200.0,0.0,1.0,26.0,26.1,25.87,26.02,443200.0
2001-02-14,25.82,26.27,25.51,25.95,701400.0,0.0,1.0,25.82,26.27,25.51,25.95,701400.0
2001-02-13,25.6,26.1,25.5,25.76,382600.0,0.0,1.0,25.6,26.1,25.5,25.76,382600.0
2001-02-12,24.75,25.47,24.75,25.37,559500.0,0.0,1.0,24.75,25.47,24.75,25.37,559500.0
2001-02-09,24.75,25.11,24.6,24.77,282200.0,0.0,1.0,24.75,25.11,24.6,24.77,282200.0
2001-02-08,25.24,25.28,24.71,24.84,425100.0,0.0,1.0,25.24,25.28,24.71,24.84,425100.0
2001-02-07,24.85,25.5,24.6,25.24,364300.0,0.0,1.0,24.85,25.5,24.6,25.24,364300.0
2001-02-06,25.27,25.54,25.14,25.14,556500.0,0.0,1.0,25.27,25.54,25.14,25.14,556500.0
2001-02-05,25.9,25.95,25.45,25.5,579500.0,0.0,1.0,25.9,25.95,25.45,25.5,579500.0
2001-02-02,25.55,26.2,25.51,25.79,675500.0,0.0,1.0,25.55,26.2,25.51,25.79,675500.0
2001-02-01,26.15,26.15,25.64,25.75,517300.0,0.0,1.0,26.15,26.15,25.64,25.75,517300.0
2001-01-31,26.06,26.69,25.97,26.03,2294700.0,0.0,1.0,26.06,26.69,25.97,26.03,2294700.0
2001-01-30,26.9,27.04,26.52,26.8,224900.0,0.0,1.0,26.9,27.04,26.52,26.8,224900.0
2001-01-29,26.5,27.49,26.45,27.08,320500.0,0.0,1.0,26.5,27.49,26.45,27.08,320500.0
2001-01-26,26.5,26.81,26.44,26.75,1128900.0,0.0,1.0,26.5,26.81,26.44,26.75,1128900.0
2001-01-25,26.12,26.94,25.75,26.75,252100.0,0.0,1.0,26.12,26.94,25.75,26.75,252100.0
2001-01-24,26.81,26.81,25.5,26.12,650600.0,0.0,1.0,26.81,26.81,25.5,26.12,650600.0
2001-01-23,25.75,26.88,25.5,26.81,1345900.0,0.0,1.0,25.75,26.88,25.5,26.81,1345900.0
2001-01-22,26.69,27.12,25.88,26.25,1468300.0,0.0,1.0,26.69,27.12,25.88,26.25,1468300.0
2001-01-19,28.38,28.75,27.81,28.56,586600.0,0.0,1.0,28.38,28.75,27.81,28.56,586600.0
2001-01-18,29.44,29.56,28.5,28.81,441700.0,0.0,1.0,29.44,29.56,28.5,28.81,441700.0
2001-01-17,28.81,29.75,28.81,29.56,724800.0,0.0,1.0,28.81,29.75,28.81,29.56,724800.0
2001-01-16,28.81,29.38,28.69,29.0,832700.0,0.0,1.0,28.81,29.38,28.69,29.0,832700.0
2001-01-12,28.81,28.88,28.19,28.81,549200.0,0.0,1.0,28.81,28.88,28.19,28.81,549200.0
2001-01-11,28.75,28.88,28.5,28.62,187500.0,0.0,1.0,28.75,28.88,28.5,28.62,187500.0
2001-01-10,28.25,28.94,28.19,28.88,425700.0,0.0,1.0,28.25,28.94,28.19,28.88,425700.0
2001-01-09,28.69,28.88,28.19,28.44,394600.0,0.0,1.0,28.69,28.88,28.19,28.44,394600.0
2001-01-08,28.56,28.81,28.25,28.62,530200.0,0.0,1.0,28.56,28.81,28.25,28.62,530200.0
2001-01-05,28.94,28.94,28.5,28.56,554200.0,0.0,1.0,28.94,28.94,28.5,28.56,554200.0
2001-01-04,28.88,29.0,28.75,29.0,642300.0,0.0,1.0,28.88,29.0,28.75,29.0,642300.0
2001-01-03,27.94,28.75,27.88,28.75,658400.0,0.0,1.0,27.94,28.75,27.88,28.75,658400.0
2001-01-02,28.25,28.31,27.75,27.88,401100.0,0.0,1.0,28.25,28.31,27.75,27.88,401100.0
2000-12-29,27.69,28.5,27.56,28.5,697300.0,0.0,1.0,27.69,28.5,27.56,28.5,697300.0
2000-12-28,27.62,27.62,27.12,27.62,758700.0,0.0,1.0,27.62,27.62,27.12,27.62,758700.0
2000-12-27,27.12,27.62,27.12,27.5,818300.0,0.0,1.0,27.12,27.62,27.12,27.5,818300.0
2000-12-26,27.25,27.31,27.06,27.25,377800.0,0.0,1.0,27.25,27.31,27.06,27.25,377800.0
2000-12-22,26.75,27.25,26.69,27.25,328200.0,0.0,1.0,26.75,27.25,26.69,27.25,328200.0
2000-12-21,26.0,26.75,26.0,26.75,329100.0,0.0,1.0,26.0,26.75,26.0,26.75,329100.0
2000-12-20,26.06,26.31,25.62,26.12,442500.0,0.0,1.0,26.06,26.31,25.62,26.12,442500.0
2000-12-19,26.25,26.44,26.06,26.19,1108200.0,0.0,1.0,26.25,26.44,26.06,26.19,1108200.0
2000-12-18,25.75,26.44,25.75,26.31,1292200.0,0.0,1.0,25.75,26.44,25.75,26.31,1292200.0
2000-12-15,25.88,25.94,25.44,25.69,872300.0,0.0,1.0,25.88,25.94,25.44,25.69,872300.0
2000-12-14,25.25,26.0,25.19,25.75,731100.0,0.0,1.0,25.25,26.0,25.19,25.75,731100.0
2000-12-13,25.38,25.44,24.94,25.0,503900.0,0.0,1.0,25.38,25.44,24.94,25.0,503900.0
2000-12-12,25.19,25.5,25.12,25.31,514400.0,0.0,1.0,25.19,25.5,25.12,25.31,514400.0
2000-12-11,25.25,25.38,24.94,25.12,404500.0,0.0,1.0,25.25,25.38,24.94,25.12,404500.0
2000-12-08,25.19,25.69,25.12,25.44,308300.0,0.0,1.0,25.19,25.69,25.12,25.44,308300.0
2000-12-07,25.69,25.75,25.0,25.31,265400.0,0.0,1.0,25.69,25.75,25.0,25.31,265400.0
2000-12-06,25.88,26.12,25.44,25.69,353000.0,0.0,1.0,25.88,26.12,25.44,25.69,353000.0
2000-12-05,25.88,26.25,25.69,26.12,269800.0,0.0,1.0,25.88,26.25,25.69,26.12,269800.0
2000-12-04,25.88,26.31,25.56,26.06,366100.0,0.0,1.0,25.88,26.31,25.56,26.06,366100.0
2000-12-01,25.56,26.31,25.44,25.88,180700.0,0.0,1.0,25.56,26.31,25.44,25.88,180700.0
2000-11-30,26.19,26.19,25.31,25.81,358600.0,0.0,1.0,26.19,26.19,25.31,25.81,358600.0
2000-11-29,26.19,26.38,25.88,26.06,386900.0,0.0,1.0,26.19,26.38,25.88,26.06,386900.0
2000-11-28,27.19,27.19,26.19,26.31,327300.0,0.0,1.0,27.19,27.19,26.19,26.31,327300.0
2000-11-27,26.31,27.44,26.19,27.31,354500.0,0.0,1.0,26.31,27.44,26.19,27.31,354500.0
2000-11-24,26.38,26.56,26.25,26.31,102500.0,0.0,1.0,26.38,26.56,26.25,26.31,102500.0
2000-11-22,26.75,27.0,26.06,26.25,282900.0,0.0,1.0,26.75,27.0,26.06,26.25,282900.0
2000-11-21,27.19,27.44,26.88,27.19,481300.0,0.0,1.0,27.19,27.44,26.88,27.19,481300.0
2000-11-20,26.94,27.06,26.38,26.94,319300.0,0.0,1.0,26.94,27.06,26.38,26.94,319300.0
2000-11-17,26.38,27.25,26.25,27.0,285500.0,0.0,1.0,26.38,27.25,26.25,27.0,285500.0
2000-11-16,27.12,27.19,26.06,26.19,289700.0,0.0,1.0,27.12,27.19,26.06,26.19,289700.0
2000-11-15,26.5,27.0,26.5,26.75,161400.0,0.0,1.0,26.5,27.0,26.5,26.75,161400.0
2000-11-14,26.56,27.69,26.5,26.75,303600.0,0.0,1.0,26.56,27.69,26.5,26.75,303600.0
2000-11-13,26.0,26.81,26.0,26.56,325500.0,0.0,1.0,26.0,26.81,26.0,26.56,325500.0
2000-11-10,25.56,26.5,25.31,26.25,413100.0,0.0,1.0,25.56,26.5,25.31,26.25,413100.0
2000-11-09,26.62,26.75,25.44,25.44,357200.0,0.0,1.0,26.62,26.75,25.44,25.44,357200.0
2000-11-08,26.56,26.88,26.25,26.69,236200.0,0.0,1.0,26.56,26.88,26.25,26.69,236200.0
2000-11-07,26.0,26.56,26.0,26.56,176500.0,0.0,1.0,26.0,26.56,26.0,26.56,176500.0
2000-11-06,26.12,26.62,26.12,26.5,230800.0,0.0,1.0,26.12,26.62,26.12,26.5,230800.0
2000-11-03,27.88,27.88,25.94,26.0,326900.0,0.0,1.0,27.88,27.88,25.94,26.0,326900.0
2000-11-02,26.94,28.0,26.75,27.88,456900.0,0.0,1.0,26.94,28.0,26.75,27.88,456900.0
2000-11-01,26.44,27.12,26.44,26.94,371000.0,0.0,1.0,26.44,27.12,26.44,26.94,371000.0
2000-10-31,26.12,27.0,26.06,26.81,645800.0,0.0,1.0,26.12,27.0,26.06,26.81,645800.0
2000-10-30,25.44,26.25,25.44,25.94,542900.0,0.0,1.0,25.44,26.25,25.44,25.94,542900.0
2000-10-27,24.69,25.75,24.69,25.44,361100.0,0.0,1.0,24.69,25.75,24.69,25.44,361100.0
2000-10-26,24.62,25.44,24.62,24.94,343200.0,0.0,1.0,24.62,25.44,24.62,24.94,343200.0
2000-10-25,24.62,25.0,24.44,24.88,305000.0,0.0,1.0,24.62,25.0,24.44,24.88,305000.0
2000-10-24,24.19,25.0,24.19,25.0,423300.0,0.0,1.0,24.19,25.0,24.19,25.0,423300.0
2000-10-23,24.0,24.81,24.0,24.38,531200.0,0.0,1.0,24.0,24.81,24.0,24.38,531200.0
2000-10-20,24.69,24.75,24.06,24.12,577600.0,0.0,1.0,24.69,24.75,24.06,24.12,577600.0
2000-10-19,24.12,25.31,24.12,25.0,620300.0,0.0,1.0,24.12,25.31,24.12,25.0,620300.0
2000-10-18,23.88,24.56,23.75,24.38,438800.0,0.0,1.0,23.88,24.56,23.75,24.38,438800.0
2000-10-17,25.12,25.12,23.88,23.88,511000.0,0.0,1.0,25.12,25.12,23.88,23.88,511000.0
2000-10-16,24.69,25.38,24.5,25.25,558900.0,0.0,1.0,24.69,25.38,24.5,25.25,558900.0
2000-10-13,23.5,25.0,23.5,24.69,699300.0,0.0,1.0,23.5,25.0,23.5,24.69,699300.0
2000-10-12,24.19,24.19,23.44,23.56,467100.0,0.0,1.0,24.19,24.19,23.44,23.56,467100.0
2000-10-11,24.19,25.25,24.12,24.25,384900.0,0.0,1.0,24.19,25.25,24.12,24.25,384900.0
2000-10-10,24.38,24.81,24.25,24.31,322700.0,0.0,1.0,24.38,24.81,24.25,24.31,322700.0
2000-10-09,24.69,25.31,24.38,24.56,545800.0,0.0,1.0,24.69,25.31,24.38,24.56,545800.0
2000-10-06,23.62,25.5,23.62,24.88,908700.0,0.0,1.0,23.62,25.5,23.62,24.88,908700.0
2000-10-05,23.19,24.12,23.19,23.75,605800.0,0.0,1.0,23.19,24.12,23.19,23.75,605800.0
2000-10-04,22.56,23.5,22.56,23.19,468700.0,0.0,1.0,22.56,23.5,22.56,23.19,468700.0
2000-10-03,22.19,23.25,22.12,22.81,430200.0,0.0,1.0,22.19,23.25,22.12,22.81,430200.0
2000-10-02,22.69,22.69,22.06,22.12,602700.0,0.0,1.0,22.69,22.69,22.06,22.12,602700.0
2000-09-29,22.38,23.0,22.38,22.69,622000.0,0.0,1.0,22.38,23.0,22.38,22.69,622000.0
2000-09-28,22.81,22.88,22.38,22.44,1303700.0,0.0,1.0,22.81,22.88,22.38,22.44,1303700.0
2000-09-27,22.31,22.94,22.31,22.81,431600.0,0.0,1.0,22.31,22.94,22.31,22.81,431600.0
2000-09-26,22.5,22.81,22.44,22.56,427100.0,0.0,1.0,22.5,22.81,22.44,22.56,427100.0
2000-09-25,21.81,22.81,21.81,22.44,502300.0,0.0,1.0,21.81,22.81,21.81,22.44,502300.0
2000-09-22,22.25,22.69,21.56,21.88,457900.0,0.0,1.0,22.25,22.69,21.56,21.88,457900.0
2000-09-21,21.19,22.38,21.0,21.75,326800.0,0.0,1.0,21.19,22.38,21.0,21.75,326800.0
2000-09-20,21.31,21.56,21.12,21.12,316700.0,0.0,1.0,21.31,21.56,21.12,21.12,316700.0
2000-09-19,22.31,22.31,21.38,21.56,400400.0,0.0,1.0,22.31,22.31,21.38,21.56,400400.0
2000-09-18,22.19,23.0,22.0,22.19,540000.0,0.0,1.0,22.19,23.0,22.0,22.19,540000.0
2000-09-15,21.88,22.56,21.88,22.0,748800.0,0.0,1.0,21.88,22.56,21.88,22.0,748800.0
2000-09-14,22.5,22.56,22.25,22.38,515700.0,0.0,1.0,22.5,22.56,22.25,22.38,515700.0
2000-09-13,23.31,23.56,22.56,22.56,455000.0,0.0,1.0,23.31,23.56,22.56,22.56,455000.0
2000-09-12,23.0,23.25,22.81,23.25,321700.0,0.0,1.0,23.0,23.25,22.81,23.25,321700.0
2000-09-11,23.62,23.62,22.88,23.12,408100.0,0.0,1.0,23.62,23.62,22.88,23.12,408100.0
2000-09-08,23.0,23.56,22.88,23.44,391200.0,0.0,1.0,23.0,23.56,22.88,23.44,391200.0
2000-09-07,23.25,23.31,22.62,23.0,254000.0,0.0,1.0,23.25,23.31,22.62,23.0,254000.0
2000-09-06,23.31,23.69,23.12,23.38,349600.0,0.0,1.0,23.31,23.69,23.12,23.38,349600.0
2000-09-05,22.81,23.56,22.5,23.12,384100.0,0.0,1.0,22.81,23.56,22.5,23.12,384100.0
2000-09-01,22.5,22.69,22.12,22.62,247900.0,0.0,1.0,22.5,22.69,22.12,22.62,247900.0
2000-08-31,22.19,22.62,22.0,22.52,499400.0,0.0,1.0,22.19,22.62,22.0,22.52,499400.0
2000-08-30,22.0,22.38,22.0,22.31,425400.0,0.0,1.0,22.0,22.38,22.0,22.31,425400.0
2000-08-29,22.0,22.5,22.0,22.12,425000.0,0.0,1.0,22.0,22.5,22.0,22.12,425000.0
2000-08-28,22.0,22.06,21.69,22.0,379500.0,0.0,1.0,22.0,22.06,21.69,22.0,379500.0
2000-08-25,21.81,22.12,21.81,22.0,235200.0,0.0,1.0,21.81,22.12,21.81,22.0,235200.0
2000-08-24,21.75,22.12,21.75,22.0,451300.0,0.0,1.0,21.75,22.12,21.75,22.0,451300.0
2000-08-23,21.88,21.94,21.62,21.75,865200.0,0.0,1.0,21.88,21.94,21.62,21.75,865200.0
2000-08-22,21.94,22.0,21.88,21.94,745300.0,0.0,1.0,21.94,22.0,21.88,21.94,745300.0
2000-08-21,22.0,22.06,21.88,21.94,850500.0,0.0,1.0,22.0,22.06,21.88,21.94,850500.0
2000-08-18,22.0,22.19,22.0,22.0,711000.0,0.0,1.0,22.0,22.19,22.0,22.0,711000.0
2000-08-17,22.19,22.25,22.0,22.12,774900.0,0.0,1.0,22.19,22.25,22.0,22.12,774900.0
2000-08-16,22.19,22.62,22.06,22.06,471300.0,0.0,1.0,22.19,22.62,22.06,22.06,471300.0
2000-08-15,22.81,23.06,22.25,22.38,453600.0,0.0,1.0,22.81,23.06,22.25,22.38,453600.0
2000-08-14,22.12,22.81,22.06,22.75,763500.0,0.0,1.0,22.12,22.81,22.06,22.75,763500.0
2000-08-11,22.38,22.56,22.0,22.0,984200.0,0.0,1.0,22.38,22.56,22.0,22.0,984200.0
2000-08-10,22.88,23.06,22.75,22.81,510500.0,0.0,1.0,22.88,23.06,22.75,22.81,510500.0
2000-08-09,23.0,23.0,22.62,22.75,467700.0,0.0,1.0,23.0,23.0,22.62,22.75,467700.0
2000-08-08,23.0,23.19,22.88,22.94,530500.0,0.0,1.0,23.0,23.19,22.88,22.94,530500.0
2000-08-07,22.88,23.0,22.75,23.0,442800.0,0.0,1.0,22.88,23.0,22.75,23.0,442800.0
2000-08-04,23.25,23.31,22.81,22.94,442700.0,0.0,1.0,23.25,23.31,22.81,22.94,442700.0
2000-08-03,23.75,23.75,22.94,23.12,504300.0,0.0,1.0,23.75,23.75,22.94,23.12,504300.0
2000-08-02,23.12,23.31,23.0,23.12,562900.0,0.0,1.0,23.12,23.31,23.0,23.12,562900.0
2000-08-01,22.69,23.06,22.69,22.88,381300.0,0.0,1.0,22.69,23.06,22.69,22.88,381300.0
2000-07-31,23.06,23.19,22.81,22.88,352500.0,0.0,1.0,23.06,23.19,22.81,22.88,352500.0
2000-07-28,23.19,23.25,22.75,22.81,411100.0,0.0,1.0,23.19,23.25,22.75,22.81,411100.0
2000-07-27,23.12,23.5,22.88,22.88,269800.0,0.0,1.0,23.12,23.5,22.88,22.88,269800.0
2000-07-26,23.19,23.5,23.0,23.0,535200.0,0.0,1.0,23.19,23.5,23.0,23.0,535200.0
2000-07-25,23.25,23.25,23.0,23.19,324700.0,0.0,1.0,23.25,23.25,23.0,23.19,324700.0
2000-07-24,23.12,23.44,23.06,23.06,317200.0,0.0,1.0,23.12,23.44,23.06,23.06,317200.0
2000-07-21,23.88,24.0,23.19,23.38,440900.0,0.0,1.0,23.88,24.0,23.19,23.38,440900.0
2000-07-20,23.56,23.94,23.44,23.62,373500.0,0.0,1.0,23.56,23.94,23.44,23.62,373500.0
2000-07-19,24.12,24.25,23.56,23.62,503800.0,0.0,1.0,24.12,24.25,23.56,23.62,503800.0
2000-07-18,23.88,24.12,23.81,24.0,722200.0,0.0,1.0,23.88,24.12,23.81,24.0,722200.0
2000-07-17,23.94,24.06,23.5,23.94,648400.0,0.0,1.0,23.94,24.06,23.5,23.94,648400.0
2000-07-14,23.94,24.25,23.81,24.19,366500.0,0.0,1.0,23.94,24.25,23.81,24.19,366500.0
2000-07-13,24.25,24.31,23.5,23.62,349500.0,0.0,1.0,24.25,24.31,23.5,23.62,349500.0
2000-07-12,24.5,24.75,23.94,24.06,403800.0,0.0,1.0,24.5,24.75,23.94,24.06,403800.0
2000-07-11,24.5,24.56,24.25,24.44,434400.0,0.0,1.0,24.5,24.56,24.25,24.44,434400.0
2000-07-10,24.62,24.75,24.38,24.44,385600.0,0.0,1.0,24.62,24.75,24.38,24.44,385600.0
2000-07-07,24.62,24.69,24.31,24.62,556300.0,0.0,1.0,24.62,24.69,24.31,24.62,556300.0
2000-07-06,23.81,24.56,23.81,24.5,729900.0,0.0,1.0,23.81,24.56,23.81,24.5,729900.0
2000-07-05,23.81,24.56,23.75,24.06,529300.0,0.0,1.0,23.81,24.56,23.75,24.06,529300.0
2000-07-03,22.62,23.94,22.62,23.75,603100.0,0.0,1.0,22.62,23.94,22.62,23.75,603100.0
2000-06-30,24.25,24.5,22.0,22.02,988200.0,0.0,1.0,24.25,24.5,22.0,22.02,988200.0
2000-06-29,24.62,24.62,23.75,24.0,637700.0,0.0,1.0,24.62,24.62,23.75,24.0,637700.0
2000-06-28,24.88,24.94,24.5,24.64,786300.0,0.0,1.0,24.88,24.94,24.5,24.64,786300.0
2000-06-27,24.5,24.88,24.19,24.81,853600.0,0.0,1.0,24.5,24.88,24.19,24.81,853600.0
2000-06-26,24.94,24.94,24.31,24.44,734000.0,0.0,1.0,24.94,24.94,24.31,24.44,734000.0
2000-06-23,25.94,25.94,24.56,24.94,1416200.0,0.0,1.0,25.94,25.94,24.56,24.94,1416200.0
2000-06-22,26.31,26.38,25.94,25.94,382000.0,0.0,1.0,26.31,26.38,25.94,25.94,382000.0
2000-06-21,26.44,26.62,26.19,26.31,501800.0,0.0,1.0,26.44,26.62,26.19,26.31,501800.0
2000-06-20,26.88,27.12,26.38,26.38,454300.0,0.0,1.0,26.88,27.12,26.38,26.38,454300.0
2000-06-19,27.56,27.75,26.81,27.12,427300.0,0.0,1.0,27.56,27.75,26.81,27.12,427300.0
2000-06-16,28.25,28.5,26.5,27.38,1490200.0,0.0,1.0,28.25,28.5,26.5,27.38,1490200.0
2000-06-15,28.88,29.19,28.88,29.0,291000.0,0.0,1.0,28.88,29.19,28.88,29.0,291000.0
2000-06-14,28.88,29.06,28.75,28.94,328700.0,0.0,1.0,28.88,29.06,28.75,28.94,328700.0
2000-06-13,28.06,29.0,28.06,28.75,370400.0,0.0,1.0,28.06,29.0,28.06,28.75,370400.0
2000-06-12,28.06,28.31,28.0,28.06,319600.0,0.0,1.0,28.06,28.31,28.0,28.06,319600.0
2000-06-09,27.75,28.44,27.62,27.94,339900.0,0.0,1.0,27.75,28.44,27.62,27.94,339900.0
2000-06-08,28.12,28.31,27.38,27.75,241500.0,0.0,1.0,28.12,28.31,27.38,27.75,241500.0
2000-06-07,28.06,28.88,27.31,28.38,674600.0,0.0,1.0,28.06,28.88,27.31,28.38,674600.0
2000-06-06,28.81,28.81,28.0,28.06,297300.0,0.0,1.0,28.81,28.81,28.0,28.06,297300.0
2000-06-05,29.0,29.0,28.31,28.94,303600.0,0.0,1.0,29.0,29.0,28.31,28.94,303600.0
2000-06-02,28.38,29.69,28.38,28.94,586800.0,0.0,1.0,28.38,29.69,28.38,28.94,586800.0
2000-06-01,27.81,28.25,27.5,28.19,548700.0,0.0,1.0,27.81,28.25,27.5,28.19,548700.0
2000-05-31,27.94,28.5,27.88,28.0,354800.0,0.0,1.0,27.94,28.5,27.88,28.0,354800.0
2000-05-30,27.19,28.06,27.19,27.81,321000.0,0.0,1.0,27.19,28.06,27.19,27.81,321000.0
2000-05-26,27.19,27.44,26.81,27.19,600900.0,0.0,1.0,27.19,27.44,26.81,27.19,600900.0
2000-05-25,27.62,27.75,26.75,27.06,539200.0,0.0,1.0,27.62,27.75,26.75,27.06,539200.0
2000-05-24,27.25,27.5,25.75,26.81,541600.0,0.0,1.0,27.25,27.5,25.75,26.81,541600.0
2000-05-23,27.75,27.75,27.31,27.5,645700.0,0.0,1.0,27.75,27.75,27.31,27.5,645700.0
2000-05-22,27.0,27.94,26.56,27.75,678000.0,0.0,1.0,27.0,27.94,26.56,27.75,678000.0
2000-05-19,26.56,27.38,26.56,26.81,579800.0,0.0,1.0,26.56,27.38,26.56,26.81,579800.0
2000-05-18,25.75,27.12,25.75,26.75,330300.0,0.0,1.0,25.75,27.12,25.75,26.75,330300.0
2000-05-17,26.25,26.38,25.69,26.0,376400.0,0.0,1.0,26.25,26.38,25.69,26.0,376400.0
2000-05-16,27.0,27.31,25.94,26.5,794800.0,0.0,1.0,27.0,27.31,25.94,26.5,794800.0
2000-05-15,26.0,27.12,25.5,26.88,917400.0,0.0,1.0,26.0,27.12,25.5,26.88,917400.0
2000-05-12,23.94,24.19,23.56,23.69,262800.0,0.0,1.0,23.94,24.19,23.56,23.69,262800.0
2000-05-11,22.88,24.25,22.81,23.94,454400.0,0.0,1.0,22.88,24.25,22.81,23.94,454400.0
2000-05-10,22.94,23.0,22.38,22.62,264600.0,0.0,1.0,22.94,23.0,22.38,22.62,264600.0
2000-05-09,23.12,23.12,22.81,23.12,691800.0,0.0,1.0,23.12,23.12,22.81,23.12,691800.0
2000-05-08,22.0,22.75,21.94,22.44,519900.0,0.0,1.0,22.0,22.75,21.94,22.44,519900.0
2000-05-05,21.94,22.25,21.88,21.94,346300.0,0.0,1.0,21.94,22.25,21.88,21.94,346300.0
2000-05-04,21.94,22.38,21.88,22.12,337500.0,0.0,1.0,21.94,22.38,21.88,22.12,337500.0
2000-05-03,22.25,22.25,21.75,21.88,566200.0,0.0,1.0,22.25,22.25,21.75,21.88,566200.0
2000-05-02,23.0,23.5,22.38,22.5,500100.0,0.0,1.0,23.0,23.5,22.38,22.5,500100.0
2000-05-01,22.88,23.12,22.5,23.06,491800.0,0.0,1.0,22.88,23.12,22.5,23.06,491800.0
2000-04-28,22.94,23.31,22.81,22.94,265500.0,0.0,1.0,22.94,23.31,22.81,22.94,265500.0
2000-04-27,23.12,23.25,22.25,23.06,539700.0,0.0,1.0,23.12,23.25,22.25,23.06,539700.0
2000-04-26,25.0,25.06,23.75,23.94,873300.0,0.0,1.0,25.0,25.06,23.75,23.94,873300.0
2000-04-25,25.0,25.44,25.0,25.06,321700.0,0.0,1.0,25.0,25.44,25.0,25.06,321700.0
2000-04-24,24.69,25.5,24.19,24.94,405200.0,0.0,1.0,24.69,25.5,24.19,24.94,405200.0
2000-04-20,25.12,25.94,24.31,24.94,522000.0,0.0,1.0,25.12,25.94,24.31,24.94,522000.0
2000-04-19,26.06,26.12,25.25,25.44,435700.0,0.0,1.0,26.06,26.12,25.25,25.44,435700.0
2000-04-18,25.62,26.88,25.5,26.31,404800.0,0.0,1.0,25.62,26.88,25.5,26.31,404800.0
2000-04-17,25.75,26.31,25.5,25.94,504300.0,0.0,1.0,25.75,26.31,25.5,25.94,504300.0
2000-04-14,27.56,27.56,25.38,26.0,516700.0,0.0,1.0,27.56,27.56,25.38,26.0,516700.0
2000-04-13,29.19,29.19,27.75,27.81,362500.0,0.0,1.0,29.19,29.19,27.75,27.81,362500.0
2000-04-12,29.75,29.75,29.0,29.19,484500.0,0.0,1.0,29.75,29.75,29.0,29.19,484500.0
2000-04-11,29.0,30.06,28.88,29.75,921500.0,0.0,1.0,29.0,30.06,28.88,29.75,921500.0
2000-04-10,28.69,30.0,28.31,29.19,409300.0,0.0,1.0,28.69,30.0,28.31,29.19,409300.0
2000-04-07,28.38,29.25,28.38,28.94,906100.0,0.0,1.0,28.38,29.25,28.38,28.94,906100.0
2000-04-06,27.69,28.81,27.56,28.62,286100.0,0.0,1.0,27.69,28.81,27.56,28.62,286100.0
2000-04-05,27.0,28.06,27.0,27.69,516200.0,0.0,1.0,27.0,28.06,27.0,27.69,516200.0
2000-04-04,27.62,28.88,26.5,27.06,655300.0,0.0,1.0,27.62,28.88,26.5,27.06,655300.0
2000-04-03,27.81,28.5,27.56,27.88,381500.0,0.0,1.0,27.81,28.5,27.56,27.88,381500.0
2000-03-31,26.75,28.38,26.75,27.75,831400.0,0.0,1.0,26.75,28.38,26.75,27.75,831400.0
2000-03-30,27.06,27.75,26.88,27.19,468400.0,0.0,1.0,27.06,27.75,26.88,27.19,468400.0
2000-03-29,26.06,27.5,26.06,26.81,767700.0,0.0,1.0,26.06,27.5,26.06,26.81,767700.0
2000-03-28,25.25,26.62,25.25,26.25,518500.0,0.0,1.0,25.25,26.62,25.25,26.25,518500.0
2000-03-27,25.75,26.03,25.5,25.62,560400.0,0.0,1.0,25.75,26.03,25.5,25.62,560400.0
2000-03-24,24.62,25.94,24.25,25.56,622700.0,0.0,1.0,24.62,25.94,24.25,25.56,622700.0
2000-03-23,24.25,24.69,23.5,24.12,820500.0,0.0,1.0,24.25,24.69,23.5,24.12,820500.0
2000-03-22,25.44,25.44,24.5,24.75,543500.0,0.0,1.0,25.44,25.44,24.5,24.75,543500.0
2000-03-21,25.0,25.88,24.94,25.69,397500.0,0.0,1.0,25.0,25.88,24.94,25.69,397500.0
2000-03-20,24.62,25.0,24.44,25.0,519100.0,0.0,1.0,24.62,25.0,24.44,25.0,519100.0
2000-03-17,25.75,26.12,24.31,24.31,901500.0,0.0,1.0,25.75,26.12,24.31,24.31,901500.0
2000-03-16,24.0,27.0,23.5,26.44,863600.0,0.0,1.0,24.0,27.0,23.5,26.44,863600.0
2000-03-15,22.25,24.25,22.25,24.12,687700.0,0.0,1.0,22.25,24.25,22.25,24.12,687700.0
2000-03-14,21.5,22.75,21.19,22.56,519800.0,0.0,1.0,21.5,22.75,21.19,22.56,519800.0
2000-03-13,21.81,21.81,21.06,21.31,490100.0,0.0,1.0,21.81,21.81,21.06,21.31,490100.0
2000-03-10,22.56,22.69,21.56,21.81,476600.0,0.0,1.0,22.56,22.69,21.56,21.81,476600.0
2000-03-09,21.88,23.0,21.5,22.75,394600.0,0.0,1.0,21.88,23.0,21.5,22.75,394600.0
2000-03-08,21.38,22.06,21.38,22.0,485300.0,0.0,1.0,21.38,22.06,21.38,22.0,485300.0
2000-03-07,22.19,22.38,21.0,21.12,1092800.0,0.0,1.0,22.19,22.38,21.0,21.12,1092800.0
2000-03-06,22.56,22.69,22.25,22.38,661200.0,0.0,1.0,22.56,22.69,22.25,22.38,661200.0
2000-03-03,22.25,22.75,22.25,22.44,668200.0,0.0,1.0,22.25,22.75,22.25,22.44,668200.0
2000-03-02,22.75,23.25,22.5,22.81,945000.0,0.0,1.0,22.75,23.25,22.5,22.81,945000.0
2000-03-01,24.56,24.56,22.12,22.62,724400.0,0.0,1.0,24.56,24.56,22.12,22.62,724400.0
2000-02-29,22.94,24.62,22.75,24.0,878600.0,0.0,1.0,22.94,24.62,22.75,24.0,878600.0
2000-02-28,23.19,24.06,22.56,23.06,486000.0,0.0,1.0,23.19,24.06,22.56,23.06,486000.0
2000-02-25,22.06,24.38,22.06,23.31,685000.0,0.0,1.0,22.06,24.38,22.06,23.31,685000.0
2000-02-24,23.0,23.06,22.06,22.06,619500.0,0.0,1.0,23.0,23.06,22.06,22.06,619500.0
2000-02-23,22.38,23.5,22.31,23.25,937900.0,0.0,1.0,22.38,23.5,22.31,23.25,937900.0
2000-02-22,22.0,22.88,22.0,22.38,1041500.0,0.0,1.0,22.0,22.88,22.0,22.38,1041500.0
2000-02-18,23.0,23.12,22.0,22.12,1077000.0,0.0,1.0,23.0,23.12,22.0,22.12,1077000.0
2000-02-17,23.38,23.94,22.62,22.62,758100.0,0.0,1.0,23.38,23.94,22.62,22.62,758100.0
2000-02-16,23.38,23.56,22.06,22.31,922700.0,0.0,1.0,23.38,23.56,22.06,22.31,922700.0
2000-02-15,23.31,23.62,23.06,23.38,382100.0,0.0,1.0,23.31,23.62,23.06,23.38,382100.0
2000-02-14,23.25,23.5,23.06,23.38,237300.0,0.0,1.0,23.25,23.5,23.06,23.38,237300.0
2000-02-11,24.0,24.12,23.25,23.25,1216000.0,0.0,1.0,24.0,24.12,23.25,23.25,1216000.0
2000-02-10,24.0,24.25,23.38,24.06,1114300.0,0.0,1.0,24.0,24.25,23.38,24.06,1114300.0
2000-02-09,25.62,25.75,23.88,24.0,796600.0,0.0,1.0,25.62,25.75,23.88,24.0,796600.0
2000-02-08,25.38,25.62,24.5,25.19,575300.0,0.0,1.0,25.38,25.62,24.5,25.19,575300.0
2000-02-07,26.25,26.25,25.25,25.38,163100.0,0.0,1.0,26.25,26.25,25.25,25.38,163100.0
2000-02-04,26.5,27.12,26.5,26.62,388000.0,0.0,1.0,26.5,27.12,26.5,26.62,388000.0
2000-02-03,25.81,26.94,25.12,26.56,428900.0,0.0,1.0,25.81,26.94,25.12,26.56,428900.0
2000-02-02,26.06,26.25,25.62,25.81,512200.0,0.0,1.0,26.06,26.25,25.62,25.81,512200.0
2000-02-01,26.12,27.06,26.12,26.31,564300.0,0.0,1.0,26.12,27.06,26.12,26.31,564300.0
2000-01-31,26.25,26.5,26.12,26.25,329400.0,0.0,1.0,26.25,26.5,26.12,26.25,329400.0
2000-01-28,26.75,27.12,26.19,26.19,384800.0,0.0,1.0,26.75,27.12,26.19,26.19,384800.0
2000-01-27,27.5,27.69,26.69,27.0,441300.0,0.0,1.0,27.5,27.69,26.69,27.0,441300.0
2000-01-26,26.75,28.0,26.75,27.62,600700.0,0.0,1.0,26.75,28.0,26.75,27.62,600700.0
2000-01-25,27.62,28.31,27.38,27.88,361200.0,0.0,1.0,27.62,28.31,27.38,27.88,361200.0
2000-01-24,28.19,28.44,27.75,27.75,384600.0,0.0,1.0,28.19,28.44,27.75,27.75,384600.0
2000-01-21,29.31,29.31,28.0,28.25,516500.0,0.0,1.0,29.31,29.31,28.0,28.25,516500.0
2000-01-20,30.0,30.06,29.0,29.06,375400.0,0.0,1.0,30.0,30.06,29.0,29.06,375400.0
2000-01-19,29.75,30.25,29.69,30.12,240500.0,0.0,1.0,29.75,30.25,29.69,30.12,240500.0
2000-01-18,29.5,30.44,29.25,29.62,341900.0,0.0,1.0,29.5,30.44,29.25,29.62,341900.0
2000-01-14,30.0,30.31,29.62,29.75,546400.0,0.0,1.0,30.0,30.31,29.62,29.75,546400.0
2000-01-13,29.69,30.5,29.56,30.0,224300.0,0.0,1.0,29.69,30.5,29.56,30.0,224300.0
2000-01-12,29.94,30.0,29.5,29.81,445500.0,0.0,1.0,29.94,30.0,29.5,29.81,445500.0
2000-01-11,30.94,30.94,29.56,30.06,648700.0,0.0,1.0,30.94,30.94,29.56,30.06,648700.0
2000-01-10,31.5,31.62,30.56,30.69,355100.0,0.0,1.0,31.5,31.62,30.56,30.69,355100.0
2000-01-07,29.06,31.12,29.06,30.44,472100.0,0.0,1.0,29.06,31.12,29.06,30.44,472100.0
2000-01-06,29.75,29.94,28.94,29.06,489600.0,0.0,1.0,29.75,29.94,28.94,29.06,489600.0
2000-01-05,30.31,30.44,29.88,30.31,577400.0,0.0,1.0,30.31,30.44,29.88,30.31,577400.0
2000-01-04,30.5,30.94,30.31,30.44,490600.0,0.0,1.0,30.5,30.94,30.31,30.44,490600.0
2000-01-03,32.12,32.5,30.5,30.56,441000.0,0.0,1.0,32.12,32.5,30.5,30.56,441000.0
1999-12-31,31.5,32.38,31.5,32.31,171000.0,0.0,1.0,31.5,32.38,31.5,32.31,171000.0
1999-12-30,30.88,32.12,30.81,31.62,276800.0,0.0,1.0,30.88,32.12,30.81,31.62,276800.0
1999-12-29,31.75,32.25,30.62,30.75,473000.0,0.0,1.0,31.75,32.25,30.62,30.75,473000.0
1999-12-28,31.06,31.69,30.75,31.62,227500.0,0.0,1.0,31.06,31.69,30.75,31.62,227500.0
1999-12-27,30.12,31.25,30.12,31.06,308400.0,0.0,1.0,30.12,31.25,30.12,31.06,308400.0
1999-12-23,30.44,31.0,30.31,30.38,313200.0,0.0,1.0,30.44,31.0,30.31,30.38,313200.0
1999-12-22,30.44,30.88,30.12,30.31,314800.0,0.0,1.0,30.44,30.88,30.12,30.31,314800.0
1999-12-21,30.44,30.94,30.38,30.44,430500.0,0.0,1.0,30.44,30.94,30.38,30.44,430500.0
1999-12-20,30.5,30.75,30.44,30.56,301400.0,0.0,1.0,30.5,30.75,30.44,30.56,301400.0
1999-12-17,30.69,30.94,30.44,30.56,691900.0,0.0,1.0,30.69,30.94,30.44,30.56,691900.0
1999-12-16,30.5,30.94,30.0,30.62,384700.0,0.0,1.0,30.5,30.94,30.0,30.62,384700.0
1999-12-15,29.88,31.25,29.81,30.75,658300.0,0.0,1.0,29.88,31.25,29.81,30.75,658300.0
1999-12-14,30.0,30.81,29.81,29.81,494000.0,0.0,1.0,30.0,30.81,29.81,29.81,494000.0
1999-12-13,31.56,31.56,30.0,30.19,522600.0,0.0,1.0,31.56,31.56,30.0,30.19,522600.0
1999-12-10,29.75,32.62,29.75,31.75,597200.0,0.0,1.0,29.75,32.62,29.75,31.75,597200.0
1999-12-09,30.0,30.62,29.81,29.88,546200.0,0.0,1.0,30.0,30.62,29.81,29.88,546200.0
1999-12-08,29.75,30.25,29.31,30.0,646300.0,0.0,1.0,29.75,30.25,29.31,30.0,646300.0
1999-12-07,30.25,30.75,29.12,29.69,1119300.0,0.0,1.0,30.25,30.75,29.12,29.69,1119300.0
1999-12-06,27.25,28.0,27.25,27.94,277200.0,0.0,1.0,27.25,28.0,27.25,27.94,277200.0
1999-12-03,27.88,28.31,27.31,27.38,335400.0,0.0,1.0,27.88,28.31,27.31,27.38,335400.0
1999-12-02,27.69,28.19,27.62,27.69,328700.0,0.0,1.0,27.69,28.19,27.62,27.69,328700.0
1999-12-01,27.38,28.19,27.12,28.0,318400.0,0.0,1.0,27.38,28.19,27.12,28.0,318400.0
1999-11-30,27.38,27.56,27.0,27.56,331900.0,0.0,1.0,27.38,27.56,27.0,27.56,331900.0
1999-11-29,27.31,27.56,26.81,27.56,328500.0,0.0,1.0,27.31,27.56,26.81,27.56,328500.0
1999-11-26,26.88,28.06,26.81,27.81,127600.0,0.0,1.0,26.88,28.06,26.81,27.81,127600.0
1999-11-24,26.88,27.38,26.75,27.12,249900.0,0.0,1.0,26.88,27.38,26.75,27.12,249900.0
1999-11-23,28.31,28.31,26.88,27.0,418800.0,0.0,1.0,28.31,28.31,26.88,27.0,418800.0
1999-11-22,28.75,29.19,28.38,28.56,822200.0,0.0,1.0,28.75,29.19,28.38,28.56,822200.0
1999-11-19,29.31,29.31,28.69,28.88,122200.0,0.0,1.0,29.31,29.31,28.69,28.88,122200.0
1999-11-18,29.69,29.88,28.88,29.06,198500.0,0.0,1.0,29.69,29.88,28.88,29.06,198500.0
1999-11-17,29.62,30.12,29.5,29.81,254900.0,0.0,1.0,29.62,30.12,29.5,29.81,254900.0
1999-11-16,29.38,29.75,29.19,29.75,283200.0,0.0,1.0,29.38,29.75,29.19,29.75,283200.0
1999-11-15,28.56,29.44,28.25,29.38,274200.0,0.0,1.0,28.56,29.44,28.25,29.38,274200.0
1999-11-12,28.75,28.75,28.38,28.69,389800.0,0.0,1.0,28.75,28.75,28.38,28.69,389800.0
1999-11-11,28.5,28.62,27.81,28.38,518300.0,0.0,1.0,28.5,28.62,27.81,28.38,518300.0
1999-11-10,27.06,28.25,27.0,28.12,229500.0,0.0,1.0,27.06,28.25,27.0,28.12,229500.0
1999-11-09,28.12,28.62,27.31,27.31,383800.0,0.0,1.0,28.12,28.62,27.31,27.31,383800.0
1999-11-08,28.88,28.94,27.25,27.94,357100.0,0.0,1.0,28.88,28.94,27.25,27.94,357100.0
1999-11-05,28.12,30.0,28.06,29.12,653500.0,0.0,1.0,28.12,30.0,28.06,29.12,653500.0
1999-11-04,27.88,28.5,27.81,27.81,489700.0,0.0,1.0,27.88,28.5,27.81,27.81,489700.0
1999-11-03,28.0,28.38,27.75,27.81,530100.0,0.0,1.0,28.0,28.38,27.75,27.81,530100.0
1999-11-02,26.88,27.31,26.75,27.19,602000.0,0.0,1.0,26.88,27.31,26.75,27.19,602000.0
1999-11-01,26.69,27.38,26.62,26.62,378600.0,0.0,1.0,26.69,27.38,26.62,26.62,378600.0
1999-10-29,26.5,27.88,26.25,26.56,757800.0,0.0,1.0,26.5,27.88,26.25,26.56,757800.0
1999-10-28,25.38,26.25,25.38,25.75,499700.0,0.0,1.0,25.38,26.25,25.38,25.75,499700.0
1999-10-27,25.38,25.56,25.19,25.38,548000.0,0.0,1.0,25.38,25.56,25.19,25.38,548000.0
1999-10-26,25.81,26.0,25.12,25.12,605000.0,0.0,1.0,25.81,26.0,25.12,25.12,605000.0
1999-10-25,26.38,26.38,25.81,25.88,359600.0,0.0,1.0,26.38,26.38,25.81,25.88,359600.0
1999-10-22,25.69,26.69,25.69,26.5,392300.0,0.0,1.0,25.69,26.69,25.69,26.5,392300.0
1999-10-21,26.06,26.31,25.75,25.75,253900.0,0.0,1.0,26.06,26.31,25.75,25.75,253900.0
1999-10-20,26.06,26.62,26.06,26.31,324100.0,0.0,1.0,26.06,26.62,26.06,26.31,324100.0
1999-10-19,25.62,26.0,25.56,25.75,625600.0,0.0,1.0,25.62,26.0,25.56,25.75,625600.0
1999-10-18,25.56,26.38,25.44,25.5,447900.0,0.0,1.0,25.56,26.38,25.44,25.5,447900.0
1999-10-15,26.75,26.81,25.56,25.56,246900.0,0.0,1.0,26.75,26.81,25.56,25.56,246900.0
1999-10-14,26.5,26.69,26.31,26.38,334200.0,0.0,1.0,26.5,26.69,26.31,26.38,334200.0
1999-10-13,27.38,27.44,26.5,26.56,272900.0,0.0,1.0,27.38,27.44,26.5,26.56,272900.0
1999-10-12,27.88,27.88,27.12,27.19,291500.0,0.0,1.0,27.88,27.88,27.12,27.19,291500.0
1999-10-11,28.0,28.25,27.75,27.88,290600.0,0.0,1.0,28.0,28.25,27.75,27.88,290600.0
1999-10-08,27.0,28.06,27.0,28.06,265700.0,0.0,1.0,27.0,28.06,27.0,28.06,265700.0
1999-10-07,27.75,28.38,27.38,27.38,299300.0,0.0,1.0,27.75,28.38,27.38,27.38,299300.0
1999-10-06,27.31,28.19,27.25,27.75,266600.0,0.0,1.0,27.31,28.19,27.25,27.75,266600.0
1999-10-05,27.56,27.94,27.12,27.25,250600.0,0.0,1.0,27.56,27.94,27.12,27.25,250600.0
1999-10-04,27.12,27.56,26.94,27.44,299600.0,0.0,1.0,27.12,27.56,26.94,27.44,299600.0
1999-10-01,28.0,28.0,27.12,27.25,562700.0,0.0,1.0,28.0,28.0,27.12,27.25,562700.0
1999-09-30,25.94,29.0,25.94,28.06,1018900.0,0.0,1.0,25.94,29.0,25.94,28.06,1018900.0
1999-09-29,25.44,25.5,25.25,25.31,230900.0,0.0,1.0,25.44,25.5,25.25,25.31,230900.0
1999-09-28,26.25,26.25,24.62,25.5,310900.0,0.0,1.0,26.25,26.25,24.62,25.5,310900.0
1999-09-27,25.81,26.06,25.56,25.88,261800.0,0.0,1.0,25.81,26.06,25.56,25.88,261800.0
1999-09-24,25.94,26.0,25.44,25.69,349800.0,0.0,1.0,25.94,26.0,25.44,25.69,349800.0
1999-09-23,26.19,26.88,25.88,26.06,211100.0,0.0,1.0,26.19,26.88,25.88,26.06,211100.0
1999-09-22,26.06,26.31,25.31,26.31,453500.0,0.0,1.0,26.06,26.31,25.31,26.31,453500.0
1999-09-21,27.62,27.81,26.0,26.56,499300.0,0.0,1.0,27.62,27.81,26.0,26.56,499300.0
1999-09-20,27.12,27.88,27.06,27.75,419300.0,0.0,1.0,27.12,27.88,27.06,27.75,419300.0
1999-09-17,26.44,26.94,26.31,26.81,391300.0,0.0,1.0,26.44,26.94,26.31,26.81,391300.0
1999-09-16,27.0,27.06,26.25,26.38,346900.0,0.0,1.0,27.0,27.06,26.25,26.38,346900.0
1999-09-15,26.69,27.19,26.56,27.0,411700.0,0.0,1.0,26.69,27.19,26.56,27.0,411700.0
1999-09-14,26.12,26.69,25.62,26.56,325900.0,0.0,1.0,26.12,26.69,25.62,26.56,325900.0
1999-09-13,26.5,26.69,26.31,26.69,343100.0,0.0,1.0,26.5,26.69,26.31,26.69,343100.0
1999-09-10,25.94,26.38,25.75,26.25,348400.0,0.0,1.0,25.94,26.38,25.75,26.25,348400.0
1999-09-09,25.31,25.88,25.25,25.38,519600.0,0.0,1.0,25.31,25.88,25.25,25.38,519600.0
1999-09-08,24.81,26.31,24.81,25.5,624200.0,0.0,1.0,24.81,26.31,24.81,25.5,624200.0
1999-09-07,24.0,25.75,23.88,24.94,491800.0,0.0,1.0,24.0,25.75,23.88,24.94,491800.0
1999-09-03,23.88,24.25,23.75,23.94,290600.0,0.0,1.0,23.88,24.25,23.75,23.94,290600.0
1999-09-02,23.94,23.94,23.44,23.69,490300.0,0.0,1.0,23.94,23.94,23.44,23.69,490300.0
1999-09-01,24.0,24.25,23.69,23.88,274000.0,0.0,1.0,24.0,24.25,23.69,23.88,274000.0
1999-08-31,24.06,24.19,23.56,23.81,776800.0,0.0,1.0,24.06,24.19,23.56,23.81,776800.0
1999-08-30,24.25,24.25,24.0,24.0,416100.0,0.0,1.0,24.25,24.25,24.0,24.0,416100.0
1999-08-27,24.12,24.25,24.0,24.0,460200.0,0.0,1.0,24.12,24.25,24.0,24.0,460200.0
1999-08-26,24.25,24.44,23.81,23.88,1440500.0,0.0,1.0,24.25,24.44,23.81,23.88,1440500.0
1999-08-25,23.94,24.44,23.75,24.44,631200.0,0.0,1.0,23.94,24.44,23.75,24.44,631200.0
1999-08-24,24.0,24.25,23.81,24.06,697800.0,0.0,1.0,24.0,24.25,23.81,24.06,697800.0
1999-08-23,24.06,24.31,23.62,24.06,913900.0,0.0,1.0,24.06,24.31,23.62,24.06,913900.0
1999-08-20,24.12,24.19,23.62,23.81,413300.0,0.0,1.0,24.12,24.19,23.62,23.81,413300.0
1999-08-19,23.88,24.19,23.5,24.0,367900.0,0.0,1.0,23.88,24.19,23.5,24.0,367900.0
1999-08-18,23.94,24.0,23.25,23.88,357400.0,0.0,1.0,23.94,24.0,23.25,23.88,357400.0
1999-08-17,24.31,24.62,23.75,24.0,296400.0,0.0,1.0,24.31,24.62,23.75,24.0,296400.0
1999-08-16,25.06,25.06,23.94,24.31,434800.0,0.0,1.0,25.06,25.06,23.94,24.31,434800.0
1999-08-13,24.06,24.94,23.94,24.69,398200.0,0.0,1.0,24.06,24.94,23.94,24.69,398200.0
1999-08-12,23.88,24.38,23.81,23.81,404800.0,0.0,1.0,23.88,24.38,23.81,23.81,404800.0
1999-08-11,23.38,23.94,23.38,23.75,309600.0,0.0,1.0,23.38,23.94,23.38,23.75,309600.0
1999-08-10,23.25,23.38,22.75,23.31,554600.0,0.0,1.0,23.25,23.38,22.75,23.31,554600.0
1999-08-09,23.38,23.81,22.81,23.19,576600.0,0.0,1.0,23.38,23.81,22.81,23.19,576600.0
1999-08-06,24.0,24.31,22.94,23.12,1073200.0,0.0,1.0,24.0,24.31,22.94,23.12,1073200.0
1999-08-05,23.75,24.12,22.56,23.81,1400100.0,0.0,1.0,23.75,24.12,22.56,23.81,1400100.0
1999-08-04,24.25,24.44,23.56,23.56,759300.0,0.0,1.0,24.25,24.44,23.56,23.56,759300.0
1999-08-03,24.5,24.75,24.0,24.44,626300.0,0.0,1.0,24.5,24.75,24.0,24.44,626300.0
1999-08-02,24.69,25.0,24.5,24.56,412100.0,0.0,1.0,24.69,25.0,24.5,24.56,412100.0
1999-07-30,25.19,25.19,24.5,24.69,577700.0,0.0,1.0,25.19,25.19,24.5,24.69,577700.0
1999-07-29,25.12,25.12,24.5,25.06,476200.0,0.0,1.0,25.12,25.12,24.5,25.06,476200.0
1999-07-28,25.31,25.31,24.81,25.19,935900.0,0.0,1.0,25.31,25.31,24.81,25.19,935900.0
1999-07-27,25.5,25.69,25.31,25.44,788700.0,0.0,1.0,25.5,25.69,25.31,25.44,788700.0
1999-07-26,25.56,25.69,25.44,25.56,688100.0,0.0,1.0,25.56,25.69,25.44,25.56,688100.0
1999-07-23,25.31,25.69,25.31,25.56,1034000.0,0.0,1.0,25.31,25.69,25.31,25.56,1034000.0
1999-07-22,25.75,25.75,25.31,25.5,1278000.0,0.0,1.0,25.75,25.75,25.31,25.5,1278000.0
1999-07-21,25.88,26.19,25.5,25.69,1179300.0,0.0,1.0,25.88,26.19,25.5,25.69,1179300.0
1999-07-20,25.94,26.12,25.56,25.75,508300.0,0.0,1.0,25.94,26.12,25.56,25.75,508300.0
1999-07-19,26.0,26.25,25.81,25.94,1578600.0,0.0,1.0,26.0,26.25,25.81,25.94,1578600.0
1999-07-16,26.06,26.44,26.06,26.38,461800.0,0.0,1.0,26.06,26.44,26.06,26.38,461800.0
1999-07-15,26.69,26.88,25.94,26.38,801000.0,0.0,1.0,26.69,26.88,25.94,26.38,801000.0
1999-07-14,26.19,26.69,26.19,26.69,1542200.0,0.0,1.0,26.19,26.69,26.19,26.69,1542200.0
1999-07-13,26.38,26.5,25.94,26.31,640500.0,0.0,1.0,26.38,26.5,25.94,26.31,640500.0
1999-07-12,27.75,27.75,25.81,26.5,2686400.0,0.0,1.0,27.75,27.75,25.81,26.5,2686400.0
1999-07-09,27.31,27.5,27.19,27.5,573400.0,0.0,1.0,27.31,27.5,27.19,27.5,573400.0
1999-07-08,27.88,27.88,26.94,27.12,599600.0,0.0,1.0,27.88,27.88,26.94,27.12,599600.0
1999-07-07,28.56,28.56,27.75,28.12,773800.0,0.0,1.0,28.56,28.56,27.75,28.12,773800.0
1999-07-06,28.38,28.88,28.25,28.62,378900.0,0.0,1.0,28.38,28.88,28.25,28.62,378900.0
1999-07-02,28.81,28.81,28.19,28.38,508300.0,0.0,1.0,28.81,28.81,28.19,28.38,508300.0
1999-07-01,29.25,29.25,28.5,28.7,523700.0,0.0,1.0,29.25,29.25,28.5,28.7,523700.0
1999-06-30,28.81,30.12,28.69,30.12,674000.0,0.0,1.0,28.81,30.12,28.69,30.12,674000.0
1999-06-29,29.19,29.56,28.88,28.94,523900.0,0.0,1.0,29.19,29.56,28.88,28.94,523900.0
1999-06-28,29.31,29.94,28.94,29.38,305800.0,0.0,1.0,29.31,29.94,28.94,29.38,305800.0
1999-06-25,29.12,29.81,29.12,29.44,434600.0,0.0,1.0,29.12,29.81,29.12,29.44,434600.0
1999-06-24,29.0,29.38,28.88,29.19,293100.0,0.0,1.0,29.0,29.38,28.88,29.19,293100.0
1999-06-23,29.25,29.44,29.06,29.12,188900.0,0.0,1.0,29.25,29.44,29.06,29.12,188900.0
1999-06-22,29.19,29.75,29.0,29.5,201300.0,0.0,1.0,29.19,29.75,29.0,29.5,201300.0
1999-06-21,29.31,29.75,29.12,29.38,215700.0,0.0,1.0,29.31,29.75,29.12,29.38,215700.0
1999-06-18,29.06,29.5,29.06,29.44,403100.0,0.0,1.0,29.06,29.5,29.06,29.44,403100.0
1999-06-17,29.31,29.69,29.06,29.56,145700.0,0.0,1.0,29.31,29.69,29.06,29.56,145700.0
1999-06-16,29.12,29.5,28.88,29.44,365400.0,0.0,1.0,29.12,29.5,28.88,29.44,365400.0
1999-06-15,29.12,29.31,29.0,29.0,411700.0,0.0,1.0,29.12,29.31,29.0,29.0,411700.0
1999-06-14,29.19,29.56,29.12,29.19,544400.0,0.0,1.0,29.19,29.56,29.12,29.19,544400.0
1999-06-11,29.44,30.0,29.0,29.12,337000.0,0.0,1.0,29.44,30.0,29.0,29.12,337000.0
1999-06-10,29.38,29.75,29.12,29.62,765100.0,0.0,1.0,29.38,29.75,29.12,29.62,765100.0
1999-06-09,29.5,29.75,29.44,29.56,495300.0,0.0,1.0,29.5,29.75,29.44,29.56,495300.0
1999-06-08,29.56,29.75,29.38,29.56,463200.0,0.0,1.0,29.56,29.75,29.38,29.56,463200.0
1999-06-07,29.88,30.06,29.12,29.81,406200.0,0.0,1.0,29.88,30.06,29.12,29.81,406200.0
1999-06-04,29.38,29.94,29.38,29.81,146700.0,0.0,1.0,29.38,29.94,29.38,29.81,146700.0
1999-06-03,28.94,29.88,28.81,29.62,647200.0,0.0,1.0,28.94,29.88,28.81,29.62,647200.0
1999-06-02,29.5,29.5,28.75,28.94,613500.0,0.0,1.0,29.5,29.5,28.75,28.94,613500.0
1999-06-01,28.94,29.44,27.94,29.38,806900.0,0.0,1.0,28.94,29.44,27.94,29.38,806900.0
1999-05-28,29.5,29.5,28.75,28.94,1867900.0,0.0,1.0,29.5,29.5,28.75,28.94,1867900.0
1999-05-27,31.12,31.12,28.81,29.75,1396600.0,0.0,1.0,31.12,31.12,28.81,29.75,1396600.0
1999-05-26,31.69,31.69,31.0,31.12,352800.0,0.0,1.0,31.69,31.69,31.0,31.12,352800.0
1999-05-25,31.56,32.0,31.5,31.5,409400.0,0.0,1.0,31.56,32.0,31.5,31.5,409400.0
1999-05-24,31.62,31.88,31.19,31.5,397700.0,0.0,1.0,31.62,31.88,31.19,31.5,397700.0
1999-05-21,32.44,32.44,31.56,31.62,249100.0,0.0,1.0,32.44,32.44,31.56,31.62,249100.0
1999-05-20,31.69,32.38,31.5,32.06,256800.0,0.0,1.0,31.69,32.38,31.5,32.06,256800.0
1999-05-19,31.44,31.94,31.25,31.44,180400.0,0.0,1.0,31.44,31.94,31.25,31.44,180400.0
1999-05-18,31.69,31.88,30.94,31.5,296800.0,0.0,1.0,31.69,31.88,30.94,31.5,296800.0
1999-05-17,30.88,31.88,30.31,31.69,355300.0,0.0,1.0,30.88,31.88,30.31,31.69,355300.0
1999-05-14,31.0,31.56,30.88,31.5,406900.0,0.0,1.0,31.0,31.56,30.88,31.5,406900.0
1999-05-13,33.06,33.06,31.31,31.31,884800.0,0.0,1.0,33.06,33.06,31.31,31.31,884800.0
1999-05-12,31.12,33.56,31.0,33.31,677100.0,0.0,1.0,31.12,33.56,31.0,33.31,677100.0
1999-05-11,31.0,31.12,30.12,31.12,580600.0,0.0,1.0,31.0,31.12,30.12,31.12,580600.0
1999-05-10,31.0,31.44,30.75,31.0,428400.0,0.0,1.0,31.0,31.44,30.75,31.0,428400.0
1999-05-07,30.56,30.94,30.25,30.88,318000.0,0.0,1.0,30.56,30.94,30.25,30.88,318000.0
1999-05-06,29.94,30.06,29.44,30.06,437700.0,0.0,1.0,29.94,30.06,29.44,30.06,437700.0
1999-05-05,29.44,29.88,29.0,29.88,277400.0,0.0,1.0,29.44,29.88,29.0,29.88,277400.0
1999-05-04,30.0,30.5,29.31,29.44,253200.0,0.0,1.0,30.0,30.5,29.31,29.44,253200.0
1999-05-03,29.94,30.31,28.56,30.12,662300.0,0.0,1.0,29.94,30.31,28.56,30.12,662300.0
1999-04-30,30.31,30.44,30.0,30.0,673900.0,0.0,1.0,30.31,30.44,30.0,30.0,673900.0
1999-04-29,30.75,31.44,29.62,30.06,334700.0,0.0,1.0,30.75,31.44,29.62,30.06,334700.0
1999-04-28,31.0,31.62,30.38,30.5,290400.0,0.0,1.0,31.0,31.62,30.38,30.5,290400.0
1999-04-27,29.88,30.69,29.81,30.62,458900.0,0.0,1.0,29.88,30.69,29.81,30.62,458900.0
1999-04-26,29.75,30.0,29.62,29.88,267200.0,0.0,1.0,29.75,30.0,29.62,29.88,267200.0
1999-04-23,29.44,30.5,29.38,29.94,399300.0,0.0,1.0,29.44,30.5,29.38,29.94,399300.0
1999-04-22,29.19,29.25,28.75,29.25,529000.0,0.0,1.0,29.19,29.25,28.75,29.25,529000.0
1999-04-21,29.19,29.5,28.44,28.94,527800.0,0.0,1.0,29.19,29.5,28.44,28.94,527800.0
1999-04-20,29.12,29.81,29.06,29.44,376600.0,0.0,1.0,29.12,29.81,29.06,29.44,376600.0
1999-04-19,28.5,29.88,28.5,29.12,562900.0,0.0,1.0,28.5,29.88,28.5,29.12,562900.0
1999-04-16,28.5,29.5,28.19,28.5,512200.0,0.0,1.0,28.5,29.5,28.19,28.5,512200.0
1999-04-15,29.12,29.44,28.06,28.38,1297900.0,0.0,1.0,29.12,29.44,28.06,28.38,1297900.0
1999-04-14,29.94,29.94,28.88,29.12,1399200.0,0.0,1.0,29.94,29.94,28.88,29.12,1399200.0
1999-04-13,29.25,30.19,28.88,29.88,531800.0,0.0,1.0,29.25,30.19,28.88,29.88,531800.0
1999-04-12,29.0,29.62,29.0,29.25,487900.0,0.0,1.0,29.0,29.62,29.0,29.25,487900.0
1999-04-09,29.56,29.69,29.0,29.69,416300.0,0.0,1.0,29.56,29.69,29.0,29.69,416300.0
1999-04-08,29.94,29.94,29.5,29.5,802200.0,0.0,1.0,29.94,29.94,29.5,29.5,802200.0
1999-04-07,30.06,30.25,29.69,29.81,472200.0,0.0,1.0,30.06,30.25,29.69,29.81,472200.0
1999-04-06,31.25,31.25,30.0,30.0,289600.0,0.0,1.0,31.25,31.25,30.0,30.0,289600.0
1999-04-05,30.81,30.94,29.56,30.62,629500.0,0.0,1.0,30.81,30.94,29.56,30.62,629500.0
1999-04-01,30.12,30.69,30.0,30.62,403100.0,0.0,1.0,30.12,30.69,30.0,30.62,403100.0
1999-03-31,31.12,31.38,30.31,30.38,359700.0,0.0,1.0,31.12,31.38,30.31,30.38,359700.0
1999-03-30,30.5,31.0,30.06,30.94,503400.0,0.0,1.0,30.5,31.0,30.06,30.94,503400.0
1999-03-29,30.75,31.31,30.62,31.0,345200.0,0.0,1.0,30.75,31.31,30.62,31.0,345200.0
1999-03-26,31.12,31.38,30.06,30.38,609400.0,0.0,1.0,31.12,31.38,30.06,30.38,609400.0
1999-03-25,31.0,31.88,30.88,31.25,669500.0,0.0,1.0,31.0,31.88,30.88,31.25,669500.0
1999-03-24,31.0,31.31,29.25,31.0,1793000.0,0.0,1.0,31.0,31.31,29.25,31.0,1793000.0
1999-03-23,32.88,32.88,30.56,31.0,1337500.0,0.0,1.0,32.88,32.88,30.56,31.0,1337500.0
1999-03-22,33.5,33.5,32.31,32.94,631000.0,0.0,1.0,33.5,33.5,32.31,32.94,631000.0
1999-03-19,34.0,34.19,33.19,33.62,473100.0,0.0,1.0,34.0,34.19,33.19,33.62,473100.0
1999-03-18,33.81,34.19,33.75,33.94,385000.0,0.0,1.0,33.81,34.19,33.75,33.94,385000.0
1999-03-17,33.69,33.88,33.5,33.81,395600.0,0.0,1.0,33.69,33.88,33.5,33.81,395600.0
1999-03-16,34.12,34.19,32.88,33.81,401400.0,0.0,1.0,34.12,34.19,32.88,33.81,401400.0
1999-03-15,32.56,34.31,32.56,33.81,314100.0,0.0,1.0,32.56,34.31,32.56,33.81,314100.0
1999-03-12,34.62,35.38,32.5,32.5,645700.0,0.0,1.0,34.62,35.38,32.5,32.5,645700.0
1999-03-11,33.38,34.5,33.31,34.25,544700.0,0.0,1.0,33.38,34.5,33.31,34.25,544700.0
1999-03-10,34.06,34.31,33.56,33.75,353900.0,0.0,1.0,34.06,34.31,33.56,33.75,353900.0
1999-03-09,34.69,34.94,33.25,34.0,780000.0,0.0,1.0,34.69,34.94,33.25,34.0,780000.0
1999-03-08,35.12,35.62,34.69,34.88,430100.0,0.0,1.0,35.12,35.62,34.69,34.88,430100.0
1999-03-05,36.0,36.5,34.75,35.62,756100.0,0.0,1.0,36.0,36.5,34.75,35.62,756100.0
1999-03-04,35.19,35.94,34.5,35.69,678500.0,0.0,1.0,35.19,35.94,34.5,35.69,678500.0
1999-03-03,36.75,36.75,34.38,35.62,909000.0,0.0,1.0,36.75,36.75,34.38,35.62,909000.0
1999-03-02,35.94,37.0,35.62,36.69,461900.0,0.0,1.0,35.94,37.0,35.62,36.69,461900.0
1999-03-01,35.0,35.94,34.75,35.69,357800.0,0.0,1.0,35.0,35.94,34.75,35.69,357800.0
1999-02-26,35.06,35.88,34.75,35.0,380400.0,0.0,1.0,35.06,35.88,34.75,35.0,380400.0
1999-02-25,35.19,35.19,34.25,35.0,422900.0,0.0,1.0,35.19,35.19,34.25,35.0,422900.0
1999-02-24,36.56,36.56,35.12,35.31,606400.0,0.0,1.0,36.56,36.56,35.12,35.31,606400.0
1999-02-23,37.0,37.06,36.25,36.81,516800.0,0.0,1.0,37.0,37.06,36.25,36.81,516800.0
1999-02-22,36.81,37.31,36.69,37.06,787600.0,0.0,1.0,36.81,37.31,36.69,37.06,787600.0
1999-02-19,36.62,36.94,36.5,36.81,1081700.0,0.0,1.0,36.62,36.94,36.5,36.81,1081700.0
1999-02-18,35.06,36.5,35.0,36.38,516800.0,0.0,1.0,35.06,36.5,35.0,36.38,516800.0
1999-02-17,34.5,36.25,34.5,35.12,604300.0,0.0,1.0,34.5,36.25,34.5,35.12,604300.0
1999-02-16,34.5,36.25,34.5,35.56,626800.0,0.0,1.0,34.5,36.25,34.5,35.56,626800.0
1999-02-12,34.94,35.0,34.5,34.5,356400.0,0.0,1.0,34.94,35.0,34.5,34.5,356400.0
1999-02-11,33.62,35.0,33.62,34.94,660200.0,0.0,1.0,33.62,35.0,33.62,34.94,660200.0
1999-02-10,33.38,34.0,33.19,33.75,897200.0,0.0,1.0,33.38,34.0,33.19,33.75,897200.0
1999-02-09,33.44,33.81,33.44,33.5,400800.0,0.0,1.0,33.44,33.81,33.44,33.5,400800.0
1999-02-08,33.25,33.69,32.5,33.62,373000.0,0.0,1.0,33.25,33.69,32.5,33.62,373000.0
1999-02-05,34.12,34.25,33.0,33.38,224400.0,0.0,1.0,34.12,34.25,33.0,33.38,224400.0
1999-02-04,35.0,35.38,34.06,34.12,362400.0,0.0,1.0,35.0,35.38,34.06,34.12,362400.0
1999-02-03,33.94,35.0,33.81,35.0,1623200.0,0.0,1.0,33.94,35.0,33.81,35.0,1623200.0
1999-02-02,33.69,33.94,33.12,33.94,383100.0,0.0,1.0,33.69,33.94,33.12,33.94,383100.0
1999-02-01,33.75,33.94,33.5,33.94,378200.0,0.0,1.0,33.75,33.94,33.5,33.94,378200.0
1999-01-29,33.38,33.88,33.0,33.88,469700.0,0.0,1.0,33.38,33.88,33.0,33.88,469700.0
1999-01-28,32.5,32.94,32.5,32.81,485900.0,0.0,1.0,32.5,32.94,32.5,32.81,485900.0
1999-01-27,32.5,32.5,32.0,32.06,1832100.0,0.0,1.0,32.5,32.5,32.0,32.06,1832100.0
1999-01-26,33.31,33.44,32.25,32.44,956700.0,0.0,1.0,33.31,33.44,32.25,32.44,956700.0
1999-01-25,33.19,33.75,33.12,33.56,365400.0,0.0,1.0,33.19,33.75,33.12,33.56,365400.0
1999-01-22,33.5,33.5,33.12,33.31,298700.0,0.0,1.0,33.5,33.5,33.12,33.31,298700.0
1999-01-21,33.44,33.81,33.06,33.5,310000.0,0.0,1.0,33.44,33.81,33.06,33.5,310000.0
1999-01-20,33.19,33.5,33.0,33.44,330200.0,0.0,1.0,33.19,33.5,33.0,33.44,330200.0
1999-01-19,33.12,33.5,32.94,33.31,349800.0,0.0,1.0,33.12,33.5,32.94,33.31,349800.0
1999-01-15,33.69,33.75,33.0,33.12,772500.0,0.0,1.0,33.69,33.75,33.0,33.12,772500.0
1999-01-14,34.06,34.06,33.31,33.62,475500.0,0.0,1.0,34.06,34.06,33.31,33.62,475500.0
1999-01-13,32.81,34.25,32.75,34.06,536900.0,0.0,1.0,32.81,34.25,32.75,34.06,536900.0
1999-01-12,33.94,34.0,33.31,33.94,271800.0,0.0,1.0,33.94,34.0,33.31,33.94,271800.0
1999-01-11,33.81,34.06,33.5,33.88,488400.0,0.0,1.0,33.81,34.06,33.5,33.88,488400.0
1999-01-08,34.0,34.12,33.5,33.81,363300.0,0.0,1.0,34.0,34.12,33.5,33.81,363300.0
1999-01-07,33.88,34.62,33.56,34.0,453000.0,0.0,1.0,33.88,34.62,33.56,34.0,453000.0
1999-01-06,32.88,34.0,32.62,33.88,349500.0,0.0,1.0,32.88,34.0,32.62,33.88,349500.0
1999-01-05,32.75,33.12,32.75,32.88,345600.0,0.0,1.0,32.75,33.12,32.75,32.88,345600.0
1999-01-04,33.0,33.25,32.38,32.94,611500.0,0.0,1.0,33.0,33.25,32.38,32.94,611500.0
1998-12-31,33.0,33.0,32.56,32.94,349400.0,0.0,1.0,33.0,33.0,32.56,32.94,349400.0
1998-12-30,33.06,33.12,32.81,32.94,243900.0,0.0,1.0,33.06,33.12,32.81,32.94,243900.0
1998-12-29,33.12,33.31,32.75,33.06,605100.0,0.0,1.0,33.12,33.31,32.75,33.06,605100.0
1998-12-28,33.25,33.44,33.0,33.25,273800.0,0.0,1.0,33.25,33.44,33.0,33.25,273800.0
1998-12-24,33.0,33.56,32.94,33.25,101600.0,0.0,1.0,33.0,33.56,32.94,33.25,101600.0
1998-12-23,32.0,33.0,31.94,32.88,435900.0,0.0,1.0,32.0,33.0,31.94,32.88,435900.0
1998-12-22,32.0,32.19,32.0,32.06,393300.0,0.0,1.0,32.0,32.19,32.0,32.06,393300.0
1998-12-21,31.88,32.38,31.75,32.06,438900.0,0.0,1.0,31.88,32.38,31.75,32.06,438900.0
1998-12-18,31.38,32.06,30.88,32.0,460800.0,0.0,1.0,31.38,32.06,30.88,32.0,460800.0
1998-12-17,30.75,31.12,30.69,31.0,276900.0,0.0,1.0,30.75,31.12,30.69,31.0,276900.0
1998-12-16,30.44,31.0,30.31,30.75,441300.0,0.0,1.0,30.44,31.0,30.31,30.75,441300.0
1998-12-15,30.12,30.56,29.94,30.5,630200.0,0.0,1.0,30.12,30.56,29.94,30.5,630200.0
1998-12-14,30.69,30.69,30.06,30.56,566400.0,0.0,1.0,30.69,30.69,30.06,30.56,566400.0
1998-12-11,30.0,30.81,29.69,30.69,405800.0,0.0,1.0,30.0,30.81,29.69,30.69,405800.0
1998-12-10,31.38,31.44,30.62,30.62,267300.0,0.0,1.0,31.38,31.44,30.62,30.62,267300.0
1998-12-09,31.0,31.69,30.88,31.44,582100.0,0.0,1.0,31.0,31.69,30.88,31.44,582100.0
1998-12-08,32.06,32.5,31.12,31.44,1175900.0,0.0,1.0,32.06,32.5,31.12,31.44,1175900.0
1998-12-07,30.75,32.25,30.69,32.06,594600.0,0.0,1.0,30.75,32.25,30.69,32.06,594600.0
1998-12-04,30.0,31.0,30.0,31.0,443100.0,0.0,1.0,30.0,31.0,30.0,31.0,443100.0
1998-12-03,29.88,30.69,29.62,30.0,236900.0,0.0,1.0,29.88,30.69,29.62,30.0,236900.0
1998-12-02,29.94,29.94,29.25,29.69,255300.0,0.0,1.0,29.94,29.94,29.25,29.69,255300.0
1998-12-01,30.19,30.19,29.0,29.88,198900.0,0.0,1.0,30.19,30.19,29.0,29.88,198900.0
1998-11-30,30.19,30.44,29.88,30.12,236700.0,0.0,1.0,30.19,30.44,29.88,30.12,236700.0
1998-11-27,30.0,30.31,29.94,30.19,81400.0,0.0,1.0,30.0,30.31,29.94,30.19,81400.0
1998-11-25,30.06,30.19,29.75,30.12,204100.0,0.0,1.0,30.06,30.19,29.75,30.12,204100.0
1998-11-24,30.0,30.31,29.5,30.31,341000.0,0.0,1.0,30.0,30.31,29.5,30.31,341000.0
1998-11-23,29.88,30.5,29.44,29.81,350400.0,0.0,1.0,29.88,30.5,29.44,29.81,350400.0
1998-11-20,29.31,29.62,29.12,29.5,223200.0,0.0,1.0,29.31,29.62,29.12,29.5,223200.0
1998-11-19,29.06,29.12,28.69,29.0,208900.0,0.0,1.0,29.06,29.12,28.69,29.0,208900.0
1998-11-18,28.81,29.31,28.19,28.62,352300.0,0.0,1.0,28.81,29.31,28.19,28.62,352300.0
1998-11-17,28.25,28.44,27.69,28.38,266500.0,0.0,1.0,28.25,28.44,27.69,28.38,266500.0
1998-11-16,27.81,28.62,27.75,28.38,285900.0,0.0,1.0,27.81,28.62,27.75,28.38,285900.0
1998-11-13,26.94,27.94,26.94,27.88,166100.0,0.0,1.0,26.94,27.94,26.94,27.88,166100.0
1998-11-12,27.19,27.62,26.5,26.69,467100.0,0.0,1.0,27.19,27.62,26.5,26.69,467100.0
1998-11-11,27.62,28.12,27.25,27.56,228500.0,0.0,1.0,27.62,28.12,27.25,27.56,228500.0
1998-11-10,28.06,28.06,27.12,27.25,289400.0,0.0,1.0,28.06,28.06,27.12,27.25,289400.0
1998-11-09,28.75,28.75,27.69,27.88,267000.0,0.0,1.0,28.75,28.75,27.69,27.88,267000.0
1998-11-06,28.38,28.62,27.5,28.5,560400.0,0.0,1.0,28.38,28.62,27.5,28.5,560400.0
1998-11-05,27.31,28.38,27.12,28.38,335600.0,0.0,1.0,27.31,28.38,27.12,28.38,335600.0
1998-11-04,27.31,27.62,27.06,27.31,543800.0,0.0,1.0,27.31,27.62,27.06,27.31,543800.0
1998-11-03,27.44,27.75,27.0,27.06,359900.0,0.0,1.0,27.44,27.75,27.0,27.06,359900.0
1998-11-02,26.56,27.25,26.56,27.19,307600.0,0.0,1.0,26.56,27.25,26.56,27.19,307600.0
1998-10-30,25.88,26.81,25.75,26.31,232500.0,0.0,1.0,25.88,26.81,25.75,26.31,232500.0
1998-10-29,25.5,25.81,25.19,25.75,294000.0,0.0,1.0,25.5,25.81,25.19,25.75,294000.0
1998-10-28,25.88,26.12,25.19,25.25,575000.0,0.0,1.0,25.88,26.12,25.19,25.25,575000.0
1998-10-27,26.0,26.5,25.31,25.75,328200.0,0.0,1.0,26.0,26.5,25.31,25.75,328200.0
1998-10-26,26.56,26.69,25.94,26.0,277700.0,0.0,1.0,26.56,26.69,25.94,26.0,277700.0
1998-10-23,26.44,27.0,26.38,26.62,250300.0,0.0,1.0,26.44,27.0,26.38,26.62,250300.0
1998-10-22,27.06,27.06,26.25,26.69,323500.0,0.0,1.0,27.06,27.06,26.25,26.69,323500.0
1998-10-21,27.06,27.19,26.19,27.0,394500.0,0.0,1.0,27.06,27.19,26.19,27.0,394500.0
1998-10-20,26.94,27.56,26.94,27.19,383400.0,0.0,1.0,26.94,27.56,26.94,27.19,383400.0
1998-10-19,26.06,26.94,25.88,26.75,319500.0,0.0,1.0,26.06,26.94,25.88,26.75,319500.0
1998-10-16,26.5,26.75,26.0,26.06,384500.0,0.0,1.0,26.5,26.75,26.0,26.06,384500.0
1998-10-15,24.0,26.44,24.0,26.25,530200.0,0.0,1.0,24.0,26.44,24.0,26.25,530200.0
1998-10-14,23.81,24.0,23.62,23.94,336000.0,0.0,1.0,23.81,24.0,23.62,23.94,336000.0
1998-10-13,24.0,24.0,23.12,23.56,357900.0,0.0,1.0,24.0,24.0,23.12,23.56,357900.0
1998-10-12,24.5,24.75,23.75,23.81,752200.0,0.0,1.0,24.5,24.75,23.75,23.81,752200.0
1998-10-09,21.56,23.0,21.44,22.88,638300.0,0.0,1.0,21.56,23.0,21.44,22.88,638300.0
1998-10-08,21.81,22.06,20.94,21.56,581800.0,0.0,1.0,21.81,22.06,20.94,21.56,581800.0
1998-10-07,22.0,23.06,21.81,22.06,318100.0,0.0,1.0,22.0,23.06,21.81,22.06,318100.0
1998-10-06,21.62,23.44,21.25,21.5,2980500.0,0.0,1.0,21.62,23.44,21.25,21.5,2980500.0
1998-10-05,22.81,22.88,20.5,21.88,574200.0,0.0,1.0,22.81,22.88,20.5,21.88,574200.0
1998-10-02,22.44,23.31,22.44,22.81,361900.0,0.0,1.0,22.44,23.31,22.44,22.81,361900.0
1998-10-01,24.62,24.62,22.0,22.31,840100.0,0.0,1.0,24.62,24.62,22.0,22.31,840100.0
1998-09-30,24.75,24.75,23.31,24.62,619400.0,0.0,1.0,24.75,24.75,23.31,24.62,619400.0
1998-09-29,24.81,25.19,24.38,25.0,467400.0,0.0,1.0,24.81,25.19,24.38,25.0,467400.0
1998-09-28,25.25,25.25,24.25,24.62,575600.0,0.0,1.0,25.25,25.25,24.25,24.62,575600.0
1998-09-25,23.25,24.44,23.12,24.19,770900.0,0.0,1.0,23.25,24.44,23.12,24.19,770900.0
1998-09-24,22.44,24.06,22.31,23.25,1093700.0,0.0,1.0,22.44,24.06,22.31,23.25,1093700.0
1998-09-23,23.0,23.19,22.0,22.31,1157800.0,0.0,1.0,23.0,23.19,22.0,22.31,1157800.0
1998-09-22,23.0,23.44,22.44,22.75,749900.0,0.0,1.0,23.0,23.44,22.44,22.75,749900.0
1998-09-21,23.12,23.44,22.88,23.06,443900.0,0.0,1.0,23.12,23.44,22.88,23.06,443900.0
1998-09-18,22.94,23.75,22.94,23.62,450000.0,0.0,1.0,22.94,23.75,22.94,23.62,450000.0
1998-09-17,23.31,23.44,22.62,23.19,1244400.0,0.0,1.0,23.31,23.44,22.62,23.19,1244400.0
1998-09-16,23.94,24.25,23.38,23.38,1172600.0,0.0,1.0,23.94,24.25,23.38,23.38,1172600.0
1998-09-15,24.5,24.56,23.69,23.81,566000.0,0.0,1.0,24.5,24.56,23.69,23.81,566000.0
1998-09-14,24.38,25.12,24.25,24.62,905300.0,0.0,1.0,24.38,25.12,24.25,24.62,905300.0
1998-09-11,23.56,24.56,23.38,24.12,1060200.0,0.0,1.0,23.56,24.56,23.38,24.12,1060200.0
1998-09-10,25.0,25.0,23.19,23.5,1122300.0,0.0,1.0,25.0,25.0,23.19,23.5,1122300.0
1998-09-09,26.25,26.69,24.88,25.25,1237200.0,0.0,1.0,26.25,26.69,24.88,25.25,1237200.0
1998-09-08,24.75,26.88,24.12,26.75,682300.0,0.0,1.0,24.75,26.88,24.12,26.75,682300.0
1998-09-04,24.88,24.94,24.0,24.25,1151600.0,0.0,1.0,24.88,24.94,24.0,24.25,1151600.0
1998-09-03,24.0,24.94,24.0,24.62,685400.0,0.0,1.0,24.0,24.94,24.0,24.62,685400.0
1998-09-02,24.0,25.25,23.88,25.06,1046200.0,0.0,1.0,24.0,25.25,23.88,25.06,1046200.0
1998-09-01,25.06,25.19,23.0,23.75,4259000.0,0.0,1.0,25.06,25.19,23.0,23.75,4259000.0
1998-08-31,26.88,27.06,25.75,25.94,769700.0,0.0,1.0,26.88,27.06,25.75,25.94,769700.0
1998-08-28,27.06,27.5,26.62,27.0,1433700.0,0.0,1.0,27.06,27.5,26.62,27.0,1433700.0
1998-08-27,29.25,29.25,26.81,27.25,1704900.0,0.0,1.0,29.25,29.25,26.81,27.25,1704900.0
1998-08-26,29.56,30.0,29.0,29.38,2017400.0,0.0,1.0,29.56,30.0,29.0,29.38,2017400.0
1998-08-25,31.69,32.38,30.88,31.19,1960900.0,0.0,1.0,31.69,32.38,30.88,31.19,1960900.0
1998-08-24,31.62,32.06,31.12,31.56,201600.0,0.0,1.0,31.62,32.06,31.12,31.56,201600.0
1998-08-21,30.69,31.5,29.94,31.5,346700.0,0.0,1.0,30.69,31.5,29.94,31.5,346700.0
1998-08-20,31.38,31.81,30.75,30.94,284100.0,0.0,1.0,31.38,31.81,30.75,30.94,284100.0
1998-08-19,32.12,32.12,31.25,31.25,480200.0,0.0,1.0,32.12,32.12,31.25,31.25,480200.0
1998-08-18,31.62,32.62,31.62,31.88,505800.0,0.0,1.0,31.62,32.62,31.62,31.88,505800.0
1998-08-17,30.56,31.75,30.44,31.44,307700.0,0.0,1.0,30.56,31.75,30.44,31.44,307700.0
1998-08-14,31.31,31.5,30.44,30.81,493700.0,0.0,1.0,31.31,31.5,30.44,30.81,493700.0
1998-08-13,32.0,32.31,31.12,31.56,242800.0,0.0,1.0,32.0,32.31,31.12,31.56,242800.0
1998-08-12,31.75,32.56,31.5,31.94,402800.0,0.0,1.0,31.75,32.56,31.5,31.94,402800.0
1998-08-11,31.81,31.88,31.12,31.5,580700.0,0.0,1.0,31.81,31.88,31.12,31.5,580700.0
1998-08-10,33.62,33.62,31.88,32.31,618400.0,0.0,1.0,33.62,33.62,31.88,32.31,618400.0
1998-08-07,33.0,34.5,33.0,33.62,431500.0,0.0,1.0,33.0,34.5,33.0,33.62,431500.0
1998-08-06,33.44,33.5,31.62,31.81,2051700.0,0.0,1.0,33.44,33.5,31.62,31.81,2051700.0
1998-08-05,33.62,34.06,33.38,33.88,353100.0,0.0,1.0,33.62,34.06,33.38,33.88,353100.0
1998-08-04,34.81,35.06,33.62,33.75,441700.0,0.0,1.0,34.81,35.06,33.62,33.75,441700.0
1998-08-03,34.06,34.88,34.06,34.81,336400.0,0.0,1.0,34.06,34.88,34.06,34.81,336400.0
1998-07-31,35.38,35.38,34.19,34.25,293600.0,0.0,1.0,35.38,35.38,34.19,34.25,293600.0
1998-07-30,35.0,35.56,35.0,35.38,313800.0,0.0,1.0,35.0,35.56,35.0,35.38,313800.0
1998-07-29,34.25,35.06,34.12,35.0,418200.0,0.0,1.0,34.25,35.06,34.12,35.0,418200.0
1998-07-28,34.75,34.75,33.88,34.25,800900.0,0.0,1.0,34.75,34.75,33.88,34.25,800900.0
1998-07-27,36.38,36.44,34.44,34.75,752000.0,0.0,1.0,36.38,36.44,34.44,34.75,752000.0
1998-07-24,37.19,37.31,36.0,36.62,478800.0,0.0,1.0,37.19,37.31,36.0,36.62,478800.0
1998-07-23,37.19,38.0,36.5,36.94,794100.0,0.0,1.0,37.19,38.0,36.5,36.94,794100.0
1998-07-22,35.88,37.38,35.38,37.19,647300.0,0.0,1.0,35.88,37.38,35.38,37.19,647300.0
1998-07-21,36.0,36.12,35.5,35.88,722300.0,0.0,1.0,36.0,36.12,35.5,35.88,722300.0
1998-07-20,37.38,37.38,36.0,36.0,1960200.0,0.0,1.0,37.38,37.38,36.0,36.0,1960200.0
1998-07-17,36.38,37.56,36.31,37.38,616400.0,0.0,1.0,36.38,37.56,36.31,37.38,616400.0
1998-07-16,36.19,36.25,35.75,36.19,522800.0,0.0,1.0,36.19,36.25,35.75,36.19,522800.0
1998-07-15,35.94,36.19,35.88,36.06,597000.0,0.0,1.0,35.94,36.19,35.88,36.06,597000.0
1998-07-14,35.94,36.12,35.81,35.94,562600.0,0.0,1.0,35.94,36.12,35.81,35.94,562600.0
1998-07-13,36.62,36.69,35.38,35.81,554700.0,0.0,1.0,36.62,36.69,35.38,35.81,554700.0
1998-07-10,37.44,37.44,36.0,36.44,721300.0,0.0,1.0,37.44,37.44,36.0,36.44,721300.0
1998-07-09,35.25,37.0,35.06,36.69,1450800.0,0.0,1.0,35.25,37.0,35.06,36.69,1450800.0
1998-07-08,35.12,35.38,34.62,35.38,472400.0,0.0,1.0,35.12,35.38,34.62,35.38,472400.0
1998-07-07,35.19,35.44,34.56,34.94,1528200.0,0.0,1.0,35.19,35.44,34.56,34.94,1528200.0
1998-07-06,33.56,35.12,33.5,35.06,2126700.0,0.0,1.0,33.56,35.12,33.5,35.06,2126700.0
1998-07-02,33.38,33.88,33.19,33.56,441800.0,0.0,1.0,33.38,33.88,33.19,33.56,441800.0
1998-07-01,32.31,33.12,31.75,32.31,458800.0,0.0,1.0,32.31,33.12,31.75,32.31,458800.0
1998-06-30,32.44,32.44,31.94,31.94,339300.0,0.0,1.0,32.44,32.44,31.94,31.94,339300.0
1998-06-29,32.5,32.56,32.19,32.44,346100.0,0.0,1.0,32.5,32.56,32.19,32.44,346100.0
1998-06-26,33.38,33.94,32.0,32.5,1086500.0,0.0,1.0,33.38,33.94,32.0,32.5,1086500.0
1998-06-25,35.0,35.25,34.31,34.5,530300.0,0.0,1.0,35.0,35.25,34.31,34.5,530300.0
1998-06-24,34.75,35.06,34.69,34.94,634700.0,0.0,1.0,34.75,35.06,34.69,34.94,634700.0
1998-06-23,34.0,34.69,34.0,34.69,813200.0,0.0,1.0,34.0,34.69,34.0,34.69,813200.0
1998-06-22,33.19,33.94,33.19,33.62,600200.0,0.0,1.0,33.19,33.94,33.19,33.62,600200.0
1998-06-19,32.62,33.06,32.38,32.38,568200.0,0.0,1.0,32.62,33.06,32.38,32.38,568200.0
1998-06-18,32.0,32.81,31.88,32.44,378600.0,0.0,1.0,32.0,32.81,31.88,32.44,378600.0
1998-06-17,31.94,32.25,31.56,31.69,698300.0,0.0,1.0,31.94,32.25,31.56,31.69,698300.0
1998-06-16,31.94,32.0,31.75,31.94,604500.0,0.0,1.0,31.94,32.0,31.75,31.94,604500.0
1998-06-15,31.44,31.69,31.25,31.62,568000.0,0.0,1.0,31.44,31.69,31.25,31.62,568000.0
1998-06-12,31.69,32.12,31.31,31.94,994400.0,0.0,1.0,31.69,32.12,31.31,31.94,994400.0
1998-06-11,31.44,31.81,31.25,31.69,630600.0,0.0,1.0,31.44,31.81,31.25,31.69,630600.0
1998-06-10,31.62,31.94,31.0,31.38,1974500.0,0.0,1.0,31.62,31.94,31.0,31.38,1974500.0
1998-06-09,32.06,32.06,31.56,31.62,807800.0,0.0,1.0,32.06,32.06,31.56,31.62,807800.0
1998-06-08,33.44,33.5,31.75,32.06,1675000.0,0.0,1.0,33.44,33.5,31.75,32.06,1675000.0
1998-06-05,33.56,33.56,33.25,33.5,954400.0,0.0,1.0,33.56,33.56,33.25,33.5,954400.0
1998-06-04,33.56,33.69,33.25,33.44,1523200.0,0.0,1.0,33.56,33.69,33.25,33.44,1523200.0
1998-06-03,33.38,33.69,33.25,33.44,288100.0,0.0,1.0,33.38,33.69,33.25,33.44,288100.0
1998-06-02,33.5,33.62,33.12,33.44,766100.0,0.0,1.0,33.5,33.62,33.12,33.44,766100.0
1998-06-01,34.12,34.25,33.31,33.31,639100.0,0.0,1.0,34.12,34.25,33.31,33.31,639100.0
1998-05-29,33.31,33.56,33.25,33.25,293700.0,0.0,1.0,33.31,33.56,33.25,33.25,293700.0
1998-05-28,32.69,33.44,32.69,33.31,656000.0,0.0,1.0,32.69,33.44,32.69,33.31,656000.0
1998-05-27,32.62,32.94,32.06,32.62,1285000.0,0.0,1.0,32.62,32.94,32.06,32.62,1285000.0
1998-05-26,32.69,33.19,32.56,32.56,708500.0,0.0,1.0,32.69,33.19,32.56,32.56,708500.0
1998-05-22,32.31,32.75,32.31,32.62,501900.0,0.0,1.0,32.31,32.75,32.31,32.62,501900.0
1998-05-21,32.31,32.62,32.12,32.31,394300.0,0.0,1.0,32.31,32.62,32.12,32.31,394300.0
1998-05-20,32.19,32.62,32.06,32.25,483800.0,0.0,1.0,32.19,32.62,32.06,32.25,483800.0
1998-05-19,32.69,32.69,31.69,32.25,544700.0,0.0,1.0,32.69,32.69,31.69,32.25,544700.0
1998-05-18,33.75,33.88,32.25,32.62,706100.0,0.0,1.0,33.75,33.88,32.25,32.62,706100.0
1998-05-15,33.06,33.31,32.38,33.06,707500.0,0.0,1.0,33.06,33.31,32.38,33.06,707500.0
1998-05-14,31.88,33.0,31.75,32.81,1281700.0,0.0,1.0,31.88,33.0,31.75,32.81,1281700.0
1998-05-13,30.75,32.81,30.75,31.62,2115100.0,0.0,1.0,30.75,32.81,30.75,31.62,2115100.0
1998-05-12,30.75,30.94,30.19,30.75,1704000.0,0.0,1.0,30.75,30.94,30.19,30.75,1704000.0
1998-05-11,29.81,29.94,29.62,29.62,238200.0,0.0,1.0,29.81,29.94,29.62,29.62,238200.0
1998-05-08,29.88,30.06,29.5,29.56,430100.0,0.0,1.0,29.88,30.06,29.5,29.56,430100.0
1998-05-07,29.94,30.12,29.75,29.75,508000.0,0.0,1.0,29.94,30.12,29.75,29.75,508000.0
1998-05-06,29.88,30.12,29.62,29.69,494000.0,0.0,1.0,29.88,30.12,29.62,29.69,494000.0
1998-05-05,29.81,29.94,29.75,29.81,1189700.0,0.0,1.0,29.81,29.94,29.75,29.81,1189700.0
1998-05-04,30.12,30.19,29.81,29.81,266100.0,0.0,1.0,30.12,30.19,29.81,29.81,266100.0
1998-05-01,30.0,30.19,29.88,29.94,281000.0,0.0,1.0,30.0,30.19,29.88,29.94,281000.0
1998-04-30,30.06,30.44,30.0,30.19,559700.0,0.0,1.0,30.06,30.44,30.0,30.19,559700.0
1998-04-29,30.31,30.31,29.94,30.06,636700.0,0.0,1.0,30.31,30.31,29.94,30.06,636700.0
1998-04-28,30.5,30.75,30.0,30.25,704400.0,0.0,1.0,30.5,30.75,30.0,30.25,704400.0
1998-04-27,31.38,31.5,30.5,30.69,523700.0,0.0,1.0,31.38,31.5,30.5,30.69,523700.0
1998-04-24,32.12,32.12,31.38,31.75,541400.0,0.0,1.0,32.12,32.12,31.38,31.75,541400.0
1998-04-23,32.0,32.06,31.81,32.0,549100.0,0.0,1.0,32.0,32.06,31.81,32.0,549100.0
1998-04-22,31.69,32.38,31.44,32.0,966900.0,0.0,1.0,31.69,32.38,31.44,32.0,966900.0
1998-04-21,32.0,32.0,31.38,31.69,932300.0,0.0,1.0,32.0,32.0,31.38,31.69,932300.0
1998-04-20,31.62,32.25,31.62,32.0,493300.0,0.0,1.0,31.62,32.25,31.62,32.0,493300.0
1998-04-17,30.5,31.94,30.0,31.62,722700.0,0.0,1.0,30.5,31.94,30.0,31.62,722700.0
1998-04-16,31.69,31.69,30.75,30.88,669200.0,0.0,1.0,31.69,31.69,30.75,30.88,669200.0
1998-04-15,31.44,31.75,31.31,31.5,704500.0,0.0,1.0,31.44,31.75,31.31,31.5,704500.0
1998-04-14,31.5,31.88,31.25,31.69,411800.0,0.0,1.0,31.5,31.88,31.25,31.69,411800.0
1998-04-13,31.56,31.75,31.19,31.75,368800.0,0.0,1.0,31.56,31.75,31.19,31.75,368800.0
1998-04-09,32.62,32.75,31.69,31.75,704600.0,0.0,1.0,32.62,32.75,31.69,31.75,704600.0
1998-04-08,32.5,32.56,31.75,32.38,362500.0,0.0,1.0,32.5,32.56,31.75,32.38,362500.0
1998-04-07,33.0,33.0,32.12,32.56,316900.0,0.0,1.0,33.0,33.0,32.12,32.56,316900.0
1998-04-06,33.69,33.69,33.0,33.0,340200.0,0.0,1.0,33.69,33.69,33.0,33.0,340200.0
1998-04-03,33.25,33.94,33.0,33.69,252700.0,0.0,1.0,33.25,33.94,33.0,33.69,252700.0
1998-04-02,33.81,33.81,32.56,33.19,559300.0,0.0,1.0,33.81,33.81,32.56,33.19,559300.0
1998-04-01,33.75,33.88,32.81,33.5,330100.0,0.0,1.0,33.75,33.88,32.81,33.5,330100.0
1998-03-31,32.81,34.12,32.69,33.88,600000.0,0.0,1.0,32.81,34.12,32.69,33.88,600000.0
1998-03-30,33.31,33.56,32.5,32.56,184300.0,0.0,1.0,33.31,33.56,32.5,32.56,184300.0
1998-03-27,33.12,33.5,32.62,33.5,307400.0,0.0,1.0,33.12,33.5,32.62,33.5,307400.0
1998-03-26,32.56,32.88,32.12,32.75,321000.0,0.0,1.0,32.56,32.88,32.12,32.75,321000.0
1998-03-25,33.0,33.5,32.5,32.5,407400.0,0.0,1.0,33.0,33.5,32.5,32.5,407400.0
1998-03-24,32.94,33.94,32.81,32.94,484900.0,0.0,1.0,32.94,33.94,32.81,32.94,484900.0
1998-03-23,32.88,33.0,32.5,32.94,284600.0,0.0,1.0,32.88,33.0,32.5,32.94,284600.0
1998-03-20,33.75,33.75,32.88,32.94,1014900.0,0.0,1.0,33.75,33.75,32.88,32.94,1014900.0
1998-03-19,34.62,34.62,33.38,33.75,709000.0,0.0,1.0,34.62,34.62,33.38,33.75,709000.0
1998-03-18,34.75,35.0,34.25,34.75,801700.0,0.0,1.0,34.75,35.0,34.25,34.75,801700.0
1998-03-17,35.62,35.62,34.5,35.0,976000.0,0.0,1.0,35.62,35.62,34.5,35.0,976000.0
1998-03-16,34.56,36.25,34.56,36.0,1524200.0,0.0,1.0,34.56,36.25,34.56,36.0,1524200.0
1998-03-13,34.88,34.94,34.31,34.31,685000.0,0.0,1.0,34.88,34.94,34.31,34.31,685000.0
1998-03-12,34.0,34.81,33.94,34.75,562800.0,0.0,1.0,34.0,34.81,33.94,34.75,562800.0
1998-03-11,34.0,34.06,33.19,33.62,260700.0,0.0,1.0,34.0,34.06,33.19,33.62,260700.0
1998-03-10,32.44,33.56,32.44,33.44,1319900.0,0.0,1.0,32.44,33.56,32.44,33.44,1319900.0
1998-03-09,32.31,32.38,32.0,32.25,355500.0,0.0,1.0,32.31,32.38,32.0,32.25,355500.0
1998-03-06,30.5,32.5,30.5,32.31,2118500.0,0.0,1.0,30.5,32.5,30.5,32.31,2118500.0
1998-03-05,30.25,30.44,29.75,30.38,2604600.0,0.0,1.0,30.25,30.44,29.75,30.38,2604600.0
1998-03-04,30.38,30.81,30.12,30.5,403400.0,0.0,1.0,30.38,30.81,30.12,30.5,403400.0
1998-03-03,30.06,30.81,29.81,30.5,279900.0,0.0,1.0,30.06,30.81,29.81,30.5,279900.0
1998-03-02,30.56,31.19,30.0,30.0,530100.0,0.0,1.0,30.56,31.19,30.0,30.0,530100.0
1998-02-27,29.12,30.62,29.06,30.25,1748300.0,0.0,1.0,29.12,30.62,29.06,30.25,1748300.0
1998-02-26,29.31,29.44,29.12,29.12,295900.0,0.0,1.0,29.31,29.44,29.12,29.12,295900.0
1998-02-25,29.31,29.5,29.25,29.44,267500.0,0.0,1.0,29.31,29.5,29.25,29.44,267500.0
1998-02-24,29.75,29.75,29.0,29.31,456700.0,0.0,1.0,29.75,29.75,29.0,29.31,456700.0
1998-02-23,29.94,29.94,29.62,29.75,629600.0,0.0,1.0,29.94,29.94,29.62,29.75,629600.0
1998-02-20,30.06,30.12,29.69,29.88,958300.0,0.0,1.0,30.06,30.12,29.69,29.88,958300.0
1998-02-19,30.0,30.38,29.88,30.31,515300.0,0.0,1.0,30.0,30.38,29.88,30.31,515300.0
1998-02-18,30.0,30.19,29.75,30.0,517200.0,0.0,1.0,30.0,30.19,29.75,30.0,517200.0
1998-02-17,30.0,30.5,29.94,30.25,444200.0,0.0,1.0,30.0,30.5,29.94,30.25,444200.0
1998-02-13,29.88,30.12,29.69,29.88,776500.0,0.0,1.0,29.88,30.12,29.69,29.88,776500.0
1998-02-12,29.62,30.06,29.38,30.0,540400.0,0.0,1.0,29.62,30.06,29.38,30.0,540400.0
1998-02-11,29.38,29.62,29.19,29.62,831600.0,0.0,1.0,29.38,29.62,29.19,29.62,831600.0
1998-02-10,29.81,29.81,29.19,29.38,502300.0,0.0,1.0,29.81,29.81,29.19,29.38,502300.0
1998-02-09,29.5,29.81,29.31,29.56,493100.0,0.0,1.0,29.5,29.81,29.31,29.56,493100.0
1998-02-06,29.5,29.62,29.12,29.5,354000.0,0.0,1.0,29.5,29.62,29.12,29.5,354000.0
1998-02-05,28.62,29.44,28.31,29.38,746100.0,0.0,1.0,28.62,29.44,28.31,29.38,746100.0
1998-02-04,28.62,28.69,28.44,28.62,402000.0,0.0,1.0,28.62,28.69,28.44,28.62,402000.0
1998-02-03,28.19,28.69,28.0,28.38,405800.0,0.0,1.0,28.19,28.69,28.0,28.38,405800.0
1998-02-02,27.69,28.25,27.69,28.0,470600.0,0.0,1.0,27.69,28.25,27.69,28.0,470600.0
1998-01-30,27.5,27.67,27.25,27.44,247200.0,0.0,1.0,27.5,27.67,27.25,27.44,247200.0
1998-01-29,27.31,27.75,27.31,27.69,376600.0,0.0,1.0,27.31,27.75,27.31,27.69,376600.0
1998-01-28,27.0,27.44,26.94,27.38,315300.0,0.0,1.0,27.0,27.44,26.94,27.38,315300.0
1998-01-27,26.56,27.19,26.5,26.75,595200.0,0.0,1.0,26.56,27.19,26.5,26.75,595200.0
1998-01-26,26.38,26.5,26.06,26.31,354500.0,0.0,1.0,26.38,26.5,26.06,26.31,354500.0
1998-01-23,26.25,26.38,25.5,26.0,804400.0,0.0,1.0,26.25,26.38,25.5,26.0,804400.0
1998-01-22,26.75,26.75,25.5,26.19,1089700.0,0.0,1.0,26.75,26.75,25.5,26.19,1089700.0
1998-01-21,27.56,27.94,26.88,27.0,626800.0,0.0,1.0,27.56,27.94,26.88,27.0,626800.0
1998-01-20,27.62,27.94,27.25,27.44,1060300.0,0.0,1.0,27.62,27.94,27.25,27.44,1060300.0
1998-01-16,26.69,27.56,26.62,27.56,1266200.0,0.0,1.0,26.69,27.56,26.62,27.56,1266200.0
1998-01-15,26.12,27.06,25.88,26.69,1915000.0,0.0,1.0,26.12,27.06,25.88,26.69,1915000.0
1998-01-14,25.0,25.44,24.81,25.44,2202500.0,0.0,1.0,25.0,25.44,24.81,25.44,2202500.0
1998-01-13,25.75,25.75,23.75,24.31,3025200.0,0.0,1.0,25.75,25.75,23.75,24.31,3025200.0
1998-01-12,25.12,25.88,25.0,25.56,1647500.0,0.0,1.0,25.12,25.88,25.0,25.56,1647500.0
1998-01-09,26.94,26.94,25.31,26.0,1115400.0,0.0,1.0,26.94,26.94,25.31,26.0,1115400.0
1998-01-08,27.31,27.75,26.88,27.06,577700.0,0.0,1.0,27.31,27.75,26.88,27.06,577700.0
1998-01-07,27.44,27.56,27.06,27.25,519700.0,0.0,1.0,27.44,27.56,27.06,27.25,519700.0
1998-01-06,28.31,28.31,27.25,27.38,1123600.0,0.0,1.0,28.31,28.31,27.25,27.38,1123600.0
1998-01-05,28.88,28.94,28.12,28.12,1162800.0,0.0,1.0,28.88,28.94,28.12,28.12,1162800.0
1998-01-02,28.75,28.94,28.5,28.81,319800.0,0.0,1.0,28.75,28.94,28.5,28.81,319800.0
1997-12-31,28.81,29.0,28.5,29.0,989800.0,0.0,1.0,28.81,29.0,28.5,29.0,989800.0
1997-12-30,28.94,29.0,28.5,28.88,200800.0,0.0,1.0,28.94,29.0,28.5,28.88,200800.0
1997-12-29,28.44,28.56,28.38,28.5,268200.0,0.0,1.0,28.44,28.56,28.38,28.5,268200.0
1997-12-26,28.81,28.88,28.0,28.31,303700.0,0.0,1.0,28.81,28.88,28.0,28.31,303700.0
1997-12-24,28.88,28.88,28.5,28.75,279300.0,0.0,1.0,28.88,28.88,28.5,28.75,279300.0
1997-12-23,29.0,29.0,28.56,28.69,601600.0,0.0,1.0,29.0,29.0,28.56,28.69,601600.0
1997-12-22,28.0,29.0,28.0,29.0,865400.0,0.0,1.0,28.0,29.0,28.0,29.0,865400.0
1997-12-19,28.25,28.62,27.88,28.56,612200.0,0.0,1.0,28.25,28.62,27.88,28.56,612200.0
1997-12-18,28.5,28.62,27.94,28.38,449800.0,0.0,1.0,28.5,28.62,27.94,28.38,449800.0
1997-12-17,28.81,29.0,28.25,28.38,959200.0,0.0,1.0,28.81,29.0,28.25,28.38,959200.0
1997-12-16,28.44,28.94,28.44,28.75,535400.0,0.0,1.0,28.44,28.94,28.44,28.75,535400.0
1997-12-15,28.62,28.88,27.88,28.19,395800.0,0.0,1.0,28.62,28.88,27.88,28.19,395800.0
1997-12-12,28.69,29.0,28.62,28.69,393200.0,0.0,1.0,28.69,29.0,28.62,28.69,393200.0
1997-12-11,28.94,28.94,28.5,28.62,227300.0,0.0,1.0,28.94,28.94,28.5,28.62,227300.0
1997-12-10,28.94,29.0,28.56,29.0,593100.0,0.0,1.0,28.94,29.0,28.56,29.0,593100.0
1997-12-09,30.88,30.88,28.5,29.0,3908400.0,0.0,1.0,30.88,30.88,28.5,29.0,3908400.0
1997-12-08,30.69,32.06,30.44,31.62,1044500.0,0.0,1.0,30.69,32.06,30.44,31.62,1044500.0
1997-12-05,30.44,30.88,30.12,30.75,491100.0,0.0,1.0,30.44,30.88,30.12,30.75,491100.0
1997-12-04,30.56,31.0,30.44,30.44,382100.0,0.0,1.0,30.56,31.0,30.44,30.44,382100.0
1997-12-03,30.44,30.69,30.25,30.44,310800.0,0.0,1.0,30.44,30.69,30.25,30.44,310800.0
1997-12-02,30.75,30.88,30.31,30.44,246700.0,0.0,1.0,30.75,30.88,30.31,30.44,246700.0
1997-12-01,30.25,30.62,30.06,30.62,509500.0,0.0,1.0,30.25,30.62,30.06,30.62,509500.0
1997-11-28,29.75,30.25,29.75,30.0,298300.0,0.0,1.0,29.75,30.25,29.75,30.0,298300.0
1997-11-26,29.38,29.94,29.31,29.81,661100.0,0.0,1.0,29.38,29.94,29.31,29.81,661100.0
1997-11-25,30.0,30.19,29.25,29.44,618000.0,0.0,1.0,30.0,30.19,29.25,29.44,618000.0
1997-11-24,29.75,29.88,29.5,29.75,687600.0,0.0,1.0,29.75,29.88,29.5,29.75,687600.0
1997-11-21,28.88,29.88,28.75,29.75,3999800.0,0.0,1.0,28.88,29.88,28.75,29.75,3999800.0
1997-11-20,29.06,29.25,28.44,28.88,483400.0,0.0,1.0,29.06,29.25,28.44,28.88,483400.0
1997-11-19,28.81,29.06,28.75,28.94,115100.0,0.0,1.0,28.81,29.06,28.75,28.94,115100.0
1997-11-18,29.25,29.31,28.81,28.94,141700.0,0.0,1.0,29.25,29.31,28.81,28.94,141700.0
1997-11-17,29.25,30.0,29.19,29.25,527400.0,0.0,1.0,29.25,30.0,29.19,29.25,527400.0
1997-11-14,28.81,28.81,28.56,28.62,233800.0,0.0,1.0,28.81,28.81,28.56,28.62,233800.0
1997-11-13,28.31,28.72,28.06,28.56,375200.0,0.0,1.0,28.31,28.72,28.06,28.56,375200.0
1997-11-12,28.25,28.38,27.88,28.12,213600.0,0.0,1.0,28.25,28.38,27.88,28.12,213600.0
1997-11-11,27.19,28.81,27.06,28.75,516100.0,0.0,1.0,27.19,28.81,27.06,28.75,516100.0
1997-11-10,28.12,28.12,27.0,27.19,959800.0,0.0,1.0,28.12,28.12,27.0,27.19,959800.0
1997-11-07,29.94,29.94,28.06,28.19,561600.0,0.0,1.0,29.94,29.94,28.06,28.19,561600.0
1997-11-06,30.56,30.56,29.94,29.94,454800.0,0.0,1.0,30.56,30.56,29.94,29.94,454800.0
1997-11-05,30.56,30.88,30.31,30.69,1440200.0,0.0,1.0,30.56,30.88,30.31,30.69,1440200.0
1997-11-04,30.88,31.0,30.12,30.56,1100900.0,0.0,1.0,30.88,31.0,30.12,30.56,1100900.0
1997-11-03,29.88,31.25,29.88,30.81,773700.0,0.0,1.0,29.88,31.25,29.88,30.81,773700.0
1997-10-31,29.44,29.75,29.38,29.56,521400.0,0.0,1.0,29.44,29.75,29.38,29.56,521400.0
1997-10-30,29.25,29.62,28.88,29.25,631100.0,0.0,1.0,29.25,29.62,28.88,29.25,631100.0
1997-10-29,29.94,30.56,29.56,29.81,394100.0,0.0,1.0,29.94,30.56,29.56,29.81,394100.0
1997-10-28,27.0,31.12,27.0,30.44,887900.0,0.0,1.0,27.0,31.12,27.0,30.44,887900.0
1997-10-27,30.69,30.94,28.25,28.44,375700.0,0.0,1.0,30.69,30.94,28.25,28.44,375700.0
1997-10-24,31.88,32.06,31.0,31.06,429800.0,0.0,1.0,31.88,32.06,31.0,31.06,429800.0
1997-10-23,30.81,31.44,30.75,31.38,293900.0,0.0,1.0,30.81,31.44,30.75,31.38,293900.0
1997-10-22,31.75,31.75,30.5,31.38,741800.0,0.0,1.0,31.75,31.75,30.5,31.38,741800.0
1997-10-21,31.31,31.94,31.31,31.69,331400.0,0.0,1.0,31.31,31.94,31.31,31.69,331400.0
1997-10-20,31.94,32.0,31.38,31.38,315700.0,0.0,1.0,31.94,32.0,31.38,31.38,315700.0
1997-10-17,32.0,32.19,31.19,31.88,409600.0,0.0,1.0,32.0,32.19,31.19,31.88,409600.0
1997-10-16,32.19,32.69,31.88,32.0,342100.0,0.0,1.0,32.19,32.69,31.88,32.0,342100.0
1997-10-15,32.31,32.38,31.94,32.31,344700.0,0.0,1.0,32.31,32.38,31.94,32.31,344700.0
1997-10-14,32.62,32.81,32.12,32.56,275500.0,0.0,1.0,32.62,32.81,32.12,32.56,275500.0
1997-10-13,32.31,32.5,32.0,32.12,196300.0,0.0,1.0,32.31,32.5,32.0,32.12,196300.0
1997-10-10,32.31,32.31,32.0,32.06,203900.0,0.0,1.0,32.31,32.31,32.0,32.06,203900.0
1997-10-09,31.94,32.75,31.81,32.31,730500.0,0.0,1.0,31.94,32.75,31.81,32.31,730500.0
1997-10-08,30.44,31.88,30.44,31.75,1066100.0,0.0,1.0,30.44,31.88,30.44,31.75,1066100.0
1997-10-07,30.25,30.56,29.88,30.56,818900.0,0.0,1.0,30.25,30.56,29.88,30.56,818900.0
1997-10-06,30.94,31.0,30.56,30.81,150800.0,0.0,1.0,30.94,31.0,30.56,30.81,150800.0
1997-10-03,31.0,31.0,30.06,30.56,235300.0,0.0,1.0,31.0,31.0,30.06,30.56,235300.0
1997-10-02,30.94,31.19,30.56,31.0,260200.0,0.0,1.0,30.94,31.19,30.56,31.0,260200.0
1997-10-01,30.25,30.94,30.19,30.88,638100.0,0.0,1.0,30.25,30.94,30.19,30.88,638100.0
1997-09-30,31.62,31.62,29.88,29.88,750000.0,0.0,1.0,31.62,31.62,29.88,29.88,750000.0
1997-09-29,30.38,31.75,30.19,31.62,413500.0,0.0,1.0,30.38,31.75,30.19,31.62,413500.0
1997-09-26,29.75,29.81,29.38,29.62,691800.0,0.0,1.0,29.75,29.81,29.38,29.62,691800.0
1997-09-25,30.69,30.69,29.69,29.75,297700.0,0.0,1.0,30.69,30.69,29.69,29.75,297700.0
1997-09-24,31.06,31.44,30.56,30.69,226100.0,0.0,1.0,31.06,31.44,30.56,30.69,226100.0
1997-09-23,30.94,31.19,30.75,31.06,479900.0,0.0,1.0,30.94,31.19,30.75,31.06,479900.0
1997-09-22,31.0,31.12,30.69,30.88,354100.0,0.0,1.0,31.0,31.12,30.69,30.88,354100.0
1997-09-19,30.25,31.25,30.25,31.0,320300.0,0.0,1.0,30.25,31.25,30.25,31.0,320300.0
1997-09-18,30.75,31.06,30.44,30.94,267400.0,0.0,1.0,30.75,31.06,30.44,30.94,267400.0
1997-09-17,30.94,31.19,30.62,30.81,314000.0,0.0,1.0,30.94,31.19,30.62,30.81,314000.0
1997-09-16,30.12,31.0,30.12,30.94,229300.0,0.0,1.0,30.12,31.0,30.12,30.94,229300.0
1997-09-15,30.0,30.69,30.0,30.06,228400.0,0.0,1.0,30.0,30.69,30.0,30.06,228400.0
1997-09-12,30.0,30.38,29.81,30.06,208200.0,0.0,1.0,30.0,30.38,29.81,30.06,208200.0
1997-09-11,30.31,30.44,29.75,30.0,345200.0,0.0,1.0,30.31,30.44,29.75,30.0,345200.0
1997-09-10,30.31,30.81,30.25,30.5,425000.0,0.0,1.0,30.31,30.81,30.25,30.5,425000.0
1997-09-09,29.94,30.5,29.94,30.19,446400.0,0.0,1.0,29.94,30.5,29.94,30.19,446400.0
1997-09-08,30.06,30.44,29.94,30.06,377800.0,0.0,1.0,30.06,30.44,29.94,30.06,377800.0
1997-09-05,29.94,30.25,29.81,30.0,622500.0,0.0,1.0,29.94,30.25,29.81,30.0,622500.0
1997-09-04,29.25,29.94,29.12,29.81,361500.0,0.0,1.0,29.25,29.94,29.12,29.81,361500.0
1997-09-03,28.56,29.38,28.44,29.19,351500.0,0.0,1.0,28.56,29.38,28.44,29.19,351500.0
1997-09-02,28.44,29.0,28.38,28.56,263100.0,0.0,1.0,28.44,29.0,28.38,28.56,263100.0
1997-08-29,27.75,28.5,27.62,28.25,205200.0,0.0,1.0,27.75,28.5,27.62,28.25,205200.0
1997-08-28,28.19,28.19,27.25,27.81,386400.0,0.0,1.0,28.19,28.19,27.25,27.81,386400.0
1997-08-27,28.44,28.5,27.88,28.44,267300.0,0.0,1.0,28.44,28.5,27.88,28.44,267300.0
1997-08-26,28.38,28.81,28.06,28.25,257200.0,0.0,1.0,28.38,28.81,28.06,28.25,257200.0
1997-08-25,29.0,29.19,28.62,28.75,373100.0,0.0,1.0,29.0,29.19,28.62,28.75,373100.0
1997-08-22,28.56,29.12,28.5,28.75,342800.0,0.0,1.0,28.56,29.12,28.5,28.75,342800.0
1997-08-21,29.19,29.38,28.81,29.06,439100.0,0.0,1.0,29.19,29.38,28.81,29.06,439100.0
1997-08-20,28.25,29.0,28.19,29.0,705000.0,0.0,1.0,28.25,29.0,28.19,29.0,705000.0
1997-08-19,27.94,28.19,27.5,27.94,339100.0,0.0,1.0,27.94,28.19,27.5,27.94,339100.0
1997-08-18,27.62,28.06,27.44,27.94,314200.0,0.0,1.0,27.62,28.06,27.44,27.94,314200.0
1997-08-15,27.25,27.88,26.94,27.44,1107900.0,0.0,1.0,27.25,27.88,26.94,27.44,1107900.0
1997-08-14,28.75,28.88,28.38,28.44,238300.0,0.0,1.0,28.75,28.88,28.38,28.44,238300.0
1997-08-13,29.0,29.06,28.38,28.69,413600.0,0.0,1.0,29.0,29.06,28.38,28.69,413600.0
1997-08-12,29.0,29.19,28.81,28.81,166300.0,0.0,1.0,29.0,29.19,28.81,28.81,166300.0
1997-08-11,28.88,28.94,28.44,28.94,490100.0,0.0,1.0,28.88,28.94,28.44,28.94,490100.0
1997-08-08,28.75,29.0,28.56,28.81,397300.0,0.0,1.0,28.75,29.0,28.56,28.81,397300.0
1997-08-07,29.62,29.69,28.88,28.94,398900.0,0.0,1.0,29.62,29.69,28.88,28.94,398900.0
1997-08-06,28.94,29.88,28.5,29.5,424200.0,0.0,1.0,28.94,29.88,28.5,29.5,424200.0
1997-08-05,28.38,29.06,28.12,28.94,536300.0,0.0,1.0,28.38,29.06,28.12,28.94,536300.0
1997-08-04,27.88,28.38,27.62,28.38,517200.0,0.0,1.0,27.88,28.38,27.62,28.38,517200.0
1997-08-01,28.56,28.81,28.06,28.38,396000.0,0.0,1.0,28.56,28.81,28.06,28.38,396000.0
1997-07-31,28.62,28.94,28.38,28.69,448700.0,0.0,1.0,28.62,28.94,28.38,28.69,448700.0
1997-07-30,28.94,28.94,28.5,28.69,532400.0,0.0,1.0,28.94,28.94,28.5,28.69,532400.0
1997-07-29,28.44,28.81,28.12,28.75,453600.0,0.0,1.0,28.44,28.81,28.12,28.75,453600.0
1997-07-28,28.94,28.94,28.31,28.44,386000.0,0.0,1.0,28.94,28.94,28.31,28.44,386000.0
1997-07-25,29.44,29.44,28.69,28.69,302100.0,0.0,1.0,29.44,29.44,28.69,28.69,302100.0
1997-07-24,28.75,29.44,28.69,29.31,659800.0,0.0,1.0,28.75,29.44,28.69,29.31,659800.0
1997-07-23,28.38,28.94,28.19,28.88,706800.0,0.0,1.0,28.38,28.94,28.19,28.88,706800.0
1997-07-22,28.44,28.75,28.0,28.44,635300.0,0.0,1.0,28.44,28.75,28.0,28.44,635300.0
1997-07-21,28.06,28.88,27.94,28.69,837900.0,0.0,1.0,28.06,28.88,27.94,28.69,837900.0
1997-07-18,28.06,28.25,27.69,28.0,537800.0,0.0,1.0,28.06,28.25,27.69,28.0,537800.0
1997-07-17,27.88,28.12,27.81,27.88,279600.0,0.0,1.0,27.88,28.12,27.81,27.88,279600.0
1997-07-16,27.0,28.25,26.88,27.94,585900.0,0.0,1.0,27.0,28.25,26.88,27.94,585900.0
1997-07-15,27.75,27.75,26.81,26.88,574400.0,0.0,1.0,27.75,27.75,26.81,26.88,574400.0
1997-07-14,28.0,28.25,26.88,27.62,744500.0,0.0,1.0,28.0,28.25,26.88,27.62,744500.0
1997-07-11,28.5,29.12,28.25,28.25,1240600.0,0.0,1.0,28.5,29.12,28.25,28.25,1240600.0
1997-07-10,27.12,28.5,26.81,28.25,1790400.0,0.0,1.0,27.12,28.5,26.81,28.25,1790400.0
1997-07-09,25.75,26.75,25.75,26.31,1216900.0,0.0,1.0,25.75,26.75,25.75,26.31,1216900.0
1997-07-08,24.88,25.56,24.88,25.5,594300.0,0.0,1.0,24.88,25.56,24.88,25.5,594300.0
1997-07-07,25.0,25.25,24.88,25.0,1072400.0,0.0,1.0,25.0,25.25,24.88,25.0,1072400.0
1997-07-03,24.62,24.94,24.5,24.88,937000.0,0.0,1.0,24.62,24.94,24.5,24.88,937000.0
1997-07-02,23.75,24.31,23.69,24.25,894400.0,0.0,1.0,23.75,24.31,23.69,24.25,894400.0
1997-07-01,23.56,23.75,23.38,23.75,1123200.0,0.0,1.0,23.56,23.75,23.38,23.75,1123200.0
1997-06-30,23.25,23.62,22.88,23.38,1844200.0,0.0,1.0,23.25,23.62,22.88,23.38,1844200.0
1997-06-27,23.25,23.44,22.88,23.12,829800.0,0.0,1.0,23.25,23.44,22.88,23.12,829800.0
1997-06-26,22.69,23.06,22.62,23.0,378700.0,0.0,1.0,22.69,23.06,22.62,23.0,378700.0
1997-06-25,22.5,23.12,22.44,22.75,804000.0,0.0,1.0,22.5,23.12,22.44,22.75,804000.0
1997-06-24,23.0,23.0,22.44,22.69,1275300.0,0.0,1.0,23.0,23.0,22.44,22.69,1275300.0
1997-06-23,23.38,23.5,22.75,22.75,577500.0,0.0,1.0,23.38,23.5,22.75,22.75,577500.0
1997-06-20,23.25,23.5,23.0,23.5,990600.0,0.0,1.0,23.25,23.5,23.0,23.5,990600.0
1997-06-19,22.38,23.0,22.25,23.0,895500.0,0.0,1.0,22.38,23.0,22.25,23.0,895500.0
1997-06-18,22.25,22.5,21.88,22.25,714600.0,0.0,1.0,22.25,22.5,21.88,22.25,714600.0
1997-06-17,22.5,22.75,22.25,22.25,923200.0,0.0,1.0,22.5,22.75,22.25,22.25,923200.0
1997-06-16,22.5,22.88,22.25,22.38,921700.0,0.0,1.0,22.5,22.88,22.25,22.38,921700.0
1997-06-13,22.5,22.62,22.25,22.38,623000.0,0.0,1.0,22.5,22.62,22.25,22.38,623000.0
1997-06-12,22.5,22.5,22.12,22.38,556900.0,0.0,1.0,22.5,22.5,22.12,22.38,556900.0
1997-06-11,22.75,22.75,22.0,22.25,897000.0,0.0,1.0,22.75,22.75,22.0,22.25,897000.0
1997-06-10,22.88,23.12,22.75,22.75,430300.0,0.0,1.0,22.88,23.12,22.75,22.75,430300.0
1997-06-09,23.38,23.38,23.0,23.0,196200.0,0.0,1.0,23.38,23.38,23.0,23.0,196200.0
1997-06-06,23.0,23.25,22.88,23.0,488000.0,0.0,1.0,23.0,23.25,22.88,23.0,488000.0
1997-06-05,22.88,23.25,22.88,22.88,314100.0,0.0,1.0,22.88,23.25,22.88,22.88,314100.0
1997-06-04,23.25,23.25,22.75,22.75,567400.0,0.0,1.0,23.25,23.25,22.75,22.75,567400.0
1997-06-03,22.75,23.25,22.75,23.12,373800.0,0.0,1.0,22.75,23.25,22.75,23.12,373800.0
1997-06-02,23.5,23.5,23.0,23.0,428100.0,0.0,1.0,23.5,23.5,23.0,23.0,428100.0
1997-05-30,23.12,23.5,23.0,23.38,465200.0,0.0,1.0,23.12,23.5,23.0,23.38,465200.0
1997-05-29,23.25,23.5,23.0,23.12,795000.0,0.0,1.0,23.25,23.5,23.0,23.12,795000.0
1997-05-28,23.75,23.75,23.25,23.5,730400.0,0.0,1.0,23.75,23.75,23.25,23.5,730400.0
1997-05-27,24.0,24.12,23.88,24.0,1000800.0,0.0,1.0,24.0,24.12,23.88,24.0,1000800.0
1997-05-23,24.0,24.38,23.75,24.25,815500.0,0.0,1.0,24.0,24.38,23.75,24.25,815500.0
1997-05-22,23.12,24.12,23.0,24.0,997100.0,0.0,1.0,23.12,24.12,23.0,24.0,997100.0
1997-05-21,23.75,23.75,23.0,23.12,664900.0,0.0,1.0,23.75,23.75,23.0,23.12,664900.0
1997-05-20,22.75,23.5,22.75,23.38,827200.0,0.0,1.0,22.75,23.5,22.75,23.38,827200.0
1997-05-19,22.88,23.12,22.75,23.0,841900.0,0.0,1.0,22.88,23.12,22.75,23.0,841900.0
1997-05-16,23.25,23.25,22.75,23.0,890800.0,0.0,1.0,23.25,23.25,22.75,23.0,890800.0
1997-05-15,22.75,23.38,22.62,23.38,732900.0,0.0,1.0,22.75,23.38,22.62,23.38,732900.0
1997-05-14,23.38,23.5,22.75,22.88,579200.0,0.0,1.0,23.38,23.5,22.75,22.88,579200.0
1997-05-13,23.12,23.38,22.88,23.0,700000.0,0.0,1.0,23.12,23.38,22.88,23.0,700000.0
1997-05-12,23.0,23.38,22.88,23.0,1006300.0,0.0,1.0,23.0,23.38,22.88,23.0,1006300.0
1997-05-09,23.88,23.88,22.88,23.0,809500.0,0.0,1.0,23.88,23.88,22.88,23.0,809500.0
1997-05-08,23.5,24.19,23.38,23.62,649800.0,0.0,1.0,23.5,24.19,23.38,23.62,649800.0
1997-05-07,24.25,24.38,23.62,24.0,954900.0,0.0,1.0,24.25,24.38,23.62,24.0,954900.0
1997-05-06,25.62,25.62,24.12,24.5,712400.0,0.0,1.0,25.62,25.62,24.12,24.5,712400.0
1997-05-05,25.38,26.0,25.25,26.0,326300.0,0.0,1.0,25.38,26.0,25.25,26.0,326300.0
1997-05-02,24.75,25.25,24.5,25.12,347500.0,0.0,1.0,24.75,25.25,24.5,25.12,347500.0
1997-05-01,24.38,24.5,24.0,24.5,192300.0,0.0,1.0,24.38,24.5,24.0,24.5,192300.0
1997-04-30,23.88,24.5,23.88,24.5,418600.0,0.0,1.0,23.88,24.5,23.88,24.5,418600.0
1997-04-29,24.0,24.12,23.62,23.88,663400.0,0.0,1.0,24.0,24.12,23.62,23.88,663400.0
1997-04-28,24.0,24.12,23.62,23.75,586800.0,0.0,1.0,24.0,24.12,23.62,23.75,586800.0
1997-04-25,23.88,24.12,23.88,23.88,294300.0,0.0,1.0,23.88,24.12,23.88,23.88,294300.0
1997-04-24,24.0,24.38,24.0,24.12,448000.0,0.0,1.0,24.0,24.38,24.0,24.12,448000.0
1997-04-23,23.75,24.0,23.62,24.0,304700.0,0.0,1.0,23.75,24.0,23.62,24.0,304700.0
1997-04-22,23.62,23.75,23.25,23.5,245000.0,0.0,1.0,23.62,23.75,23.25,23.5,245000.0
1997-04-21,24.12,24.12,23.62,23.88,303100.0,0.0,1.0,24.12,24.12,23.62,23.88,303100.0
1997-04-18,24.12,24.38,24.0,24.25,441300.0,0.0,1.0,24.12,24.38,24.0,24.25,441300.0
1997-04-17,24.25,24.25,24.0,24.12,210200.0,0.0,1.0,24.25,24.25,24.0,24.12,210200.0
1997-04-16,24.62,24.62,24.0,24.25,359100.0,0.0,1.0,24.62,24.62,24.0,24.25,359100.0
1997-04-15,24.5,24.75,24.38,24.62,267300.0,0.0,1.0,24.5,24.75,24.38,24.62,267300.0
1997-04-14,24.12,24.38,23.88,24.25,454500.0,0.0,1.0,24.12,24.38,23.88,24.25,454500.0
1997-04-11,23.75,24.25,23.38,24.0,750200.0,0.0,1.0,23.75,24.25,23.38,24.0,750200.0
1997-04-10,23.38,24.12,23.38,24.0,539100.0,0.0,1.0,23.38,24.12,23.38,24.0,539100.0
1997-04-09,23.5,23.88,23.38,23.38,457100.0,0.0,1.0,23.5,23.88,23.38,23.38,457100.0
1997-04-08,23.25,23.5,22.62,23.38,280900.0,0.0,1.0,23.25,23.5,22.62,23.38,280900.0
1997-04-07,23.0,23.25,22.88,23.12,230000.0,0.0,1.0,23.0,23.25,22.88,23.12,230000.0
1997-04-04,22.38,22.75,22.0,22.75,1069400.0,0.0,1.0,22.38,22.75,22.0,22.75,1069400.0
1997-04-03,22.12,22.38,21.75,22.38,622800.0,0.0,1.0,22.12,22.38,21.75,22.38,622800.0
1997-04-02,22.38,22.5,22.12,22.25,479800.0,0.0,1.0,22.38,22.5,22.12,22.25,479800.0
1997-04-01,22.62,22.75,22.25,22.62,605500.0,0.0,1.0,22.62,22.75,22.25,22.62,605500.0
1997-03-31,23.38,23.38,22.5,22.5,506200.0,0.0,1.0,23.38,23.38,22.5,22.5,506200.0
1997-03-27,24.0,24.12,23.0,23.38,286000.0,0.0,1.0,24.0,24.12,23.0,23.38,286000.0
1997-03-26,23.5,24.0,23.38,23.88,269500.0,0.0,1.0,23.5,24.0,23.38,23.88,269500.0
1997-03-25,23.38,23.62,23.12,23.25,294600.0,0.0,1.0,23.38,23.62,23.12,23.25,294600.0
1997-03-24,23.25,23.25,22.88,23.25,314700.0,0.0,1.0,23.25,23.25,22.88,23.25,314700.0
1997-03-21,23.5,23.62,23.0,23.12,491300.0,0.0,1.0,23.5,23.62,23.0,23.12,491300.0
1997-03-20,23.88,24.12,23.0,23.25,1240200.0,0.0,1.0,23.88,24.12,23.0,23.25,1240200.0
1997-03-19,24.75,25.0,23.5,23.5,1959100.0,0.0,1.0,24.75,25.0,23.5,23.5,1959100.0
1997-03-18,24.62,25.0,24.5,24.75,224600.0,0.0,1.0,24.62,25.0,24.5,24.75,224600.0
1997-03-17,24.75,24.75,24.38,24.62,237000.0,0.0,1.0,24.75,24.75,24.38,24.62,237000.0
1997-03-14,24.88,25.0,24.38,24.88,311500.0,0.0,1.0,24.88,25.0,24.38,24.88,311500.0
1997-03-13,25.0,25.12,24.5,24.62,333300.0,0.0,1.0,25.0,25.12,24.5,24.62,333300.0
1997-03-12,24.75,25.38,24.75,25.0,533500.0,0.0,1.0,24.75,25.38,24.75,25.0,533500.0
1997-03-11,25.38,25.38,24.88,25.12,805800.0,0.0,1.0,25.38,25.38,24.88,25.12,805800.0
1997-03-10,25.5,25.88,25.12,25.38,436700.0,0.0,1.0,25.5,25.88,25.12,25.38,436700.0
1997-03-07,25.75,25.88,25.38,25.5,328900.0,0.0,1.0,25.75,25.88,25.38,25.5,328900.0
1997-03-06,26.12,26.12,25.62,25.62,295800.0,0.0,1.0,26.12,26.12,25.62,25.62,295800.0
1997-03-05,26.25,26.25,25.88,26.12,537100.0,0.0,1.0,26.25,26.25,25.88,26.12,537100.0
1997-03-04,26.5,26.88,25.75,26.12,1513700.0,0.0,1.0,26.5,26.88,25.75,26.12,1513700.0
1997-03-03,24.62,24.88,24.5,24.75,874700.0,0.0,1.0,24.62,24.88,24.5,24.75,874700.0
1997-02-28,25.0,25.0,24.5,24.75,288300.0,0.0,1.0,25.0,25.0,24.5,24.75,288300.0
1997-02-27,25.62,25.62,24.75,25.0,488200.0,0.0,1.0,25.62,25.62,24.75,25.0,488200.0
1997-02-26,25.62,25.75,25.0,25.75,685300.0,0.0,1.0,25.62,25.75,25.0,25.75,685300.0
1997-02-25,24.88,25.38,24.75,25.38,660900.0,0.0,1.0,24.88,25.38,24.75,25.38,660900.0
1997-02-24,24.75,24.88,24.38,24.88,681300.0,0.0,1.0,24.75,24.88,24.38,24.88,681300.0
1997-02-21,24.0,24.38,23.88,24.38,350700.0,0.0,1.0,24.0,24.38,23.88,24.38,350700.0
1997-02-20,23.62,23.88,23.5,23.75,310800.0,0.0,1.0,23.62,23.88,23.5,23.75,310800.0
1997-02-19,24.12,24.12,23.5,23.62,441700.0,0.0,1.0,24.12,24.12,23.5,23.62,441700.0
1997-02-18,24.12,24.62,24.0,24.12,482100.0,0.0,1.0,24.12,24.62,24.0,24.12,482100.0
1997-02-14,24.5,24.5,24.12,24.12,329800.0,0.0,1.0,24.5,24.5,24.12,24.12,329800.0
1997-02-13,24.38,24.62,24.25,24.5,1261000.0,0.0,1.0,24.38,24.62,24.25,24.5,1261000.0
1997-02-12,22.62,23.88,22.62,23.88,1284600.0,0.0,1.0,22.62,23.88,22.62,23.88,1284600.0
1997-02-11,22.88,22.88,22.25,22.5,407500.0,0.0,1.0,22.88,22.88,22.25,22.5,407500.0
1997-02-10,22.62,22.88,22.38,22.88,410400.0,0.0,1.0,22.62,22.88,22.38,22.88,410400.0
1997-02-07,21.5,22.5,21.5,22.5,1047300.0,0.0,1.0,21.5,22.5,21.5,22.5,1047300.0
1997-02-06,20.88,21.5,20.75,21.38,340400.0,0.0,1.0,20.88,21.5,20.75,21.38,340400.0
1997-02-05,21.75,21.75,20.5,20.75,882400.0,0.0,1.0,21.75,21.75,20.5,20.75,882400.0
1997-02-04,21.62,21.75,21.38,21.62,190100.0,0.0,1.0,21.62,21.75,21.38,21.62,190100.0
1997-02-03,21.88,21.88,21.38,21.5,333800.0,0.0,1.0,21.88,21.88,21.38,21.5,333800.0
1997-01-31,22.62,22.62,21.38,21.62,688700.0,0.0,1.0,22.62,22.62,21.38,21.62,688700.0
1997-01-30,22.5,22.62,22.12,22.5,405400.0,0.0,1.0,22.5,22.62,22.12,22.5,405400.0
1997-01-29,22.0,22.62,21.88,22.62,456900.0,0.0,1.0,22.0,22.62,21.88,22.62,456900.0
1997-01-28,22.0,22.88,22.0,22.25,1853800.0,0.0,1.0,22.0,22.88,22.0,22.25,1853800.0
1997-01-27,21.75,21.75,21.0,21.62,798400.0,0.0,1.0,21.75,21.75,21.0,21.62,798400.0
1997-01-24,22.38,22.38,21.38,21.62,690300.0,0.0,1.0,22.38,22.38,21.38,21.62,690300.0
1997-01-23,22.88,23.0,22.0,22.38,1288200.0,0.0,1.0,22.88,23.0,22.0,22.38,1288200.0
1997-01-22,22.25,23.12,22.12,23.0,1543900.0,0.0,1.0,22.25,23.12,22.12,23.0,1543900.0
1997-01-21,22.0,22.12,21.62,22.12,926400.0,0.0,1.0,22.0,22.12,21.62,22.12,926400.0
1997-01-20,21.75,22.5,21.62,21.88,1806500.0,0.0,1.0,21.75,22.5,21.62,21.88,1806500.0
1997-01-17,21.12,21.75,21.12,21.5,1299200.0,0.0,1.0,21.12,21.75,21.12,21.5,1299200.0
1997-01-16,20.62,21.25,20.38,21.12,1473700.0,0.0,1.0,20.62,21.25,20.38,21.12,1473700.0
1997-01-15,20.75,21.12,20.62,20.75,1121300.0,0.0,1.0,20.75,21.12,20.62,20.75,1121300.0
1997-01-14,20.62,21.0,20.12,20.88,1475800.0,0.0,1.0,20.62,21.0,20.12,20.88,1475800.0
1997-01-13,20.75,21.0,20.25,20.5,829200.0,0.0,1.0,20.75,21.0,20.25,20.5,829200.0
1997-01-10,21.0,21.0,20.62,20.62,2592900.0,0.0,1.0,21.0,21.0,20.62,20.62,2592900.0
1997-01-09,21.0,21.5,20.88,21.12,1190600.0,0.0,1.0,21.0,21.5,20.88,21.12,1190600.0
1997-01-08,21.0,21.25,20.38,20.75,1892000.0,0.0,1.0,21.0,21.25,20.38,20.75,1892000.0
1997-01-07,20.25,20.88,20.12,20.88,2571400.0,0.0,1.0,20.25,20.88,20.12,20.88,2571400.0
1997-01-06,21.75,22.12,19.5,20.12,4804300.0,0.0,1.0,21.75,22.12,19.5,20.12,4804300.0
1997-01-03,25.75,26.0,23.88,24.0,2145000.0,0.0,1.0,25.75,26.0,23.88,24.0,2145000.0
1997-01-02,27.0,27.0,25.38,25.75,3609200.0,0.0,1.0,27.0,27.0,25.38,25.75,3609200.0
1996-12-31,26.0,27.5,26.0,27.5,7501100.0,0.0,1.0,26.0,27.5,26.0,27.5,7501100.0
1996-12-30,25.25,25.88,25.12,25.75,1200400.0,0.0,1.0,25.25,25.88,25.12,25.75,1200400.0
1996-12-27,24.5,25.25,24.5,25.25,964600.0,0.0,1.0,24.5,25.25,24.5,25.25,964600.0
1996-12-26,24.75,24.88,24.38,24.62,572100.0,0.0,1.0,24.75,24.88,24.38,24.62,572100.0
1996-12-24,24.88,25.12,24.5,24.75,410800.0,0.0,1.0,24.88,25.12,24.5,24.75,410800.0
1996-12-23,24.75,25.62,24.62,24.75,1000700.0,0.0,1.0,24.75,25.62,24.62,24.75,1000700.0
1996-12-20,24.0,25.0,23.75,24.75,1207500.0,0.0,1.0,24.0,25.0,23.75,24.75,1207500.0
1996-12-19,22.75,23.12,22.62,22.88,764200.0,0.0,1.0,22.75,23.12,22.62,22.88,764200.0
1996-12-18,23.0,23.12,22.62,23.0,1362800.0,0.0,1.0,23.0,23.12,22.62,23.0,1362800.0
1996-12-17,23.5,23.62,22.12,22.88,1863200.0,0.0,1.0,23.5,23.62,22.12,22.88,1863200.0
1996-12-16,24.25,24.25,23.5,23.5,361600.0,0.0,1.0,24.25,24.25,23.5,23.5,361600.0
1996-12-13,23.5,24.38,23.38,24.12,621900.0,0.0,1.0,23.5,24.38,23.38,24.12,621900.0
1996-12-12,24.25,24.25,23.75,23.75,1006700.0,0.0,1.0,24.25,24.25,23.75,23.75,1006700.0
1996-12-11,24.0,24.12,23.38,23.62,1977300.0,0.0,1.0,24.0,24.12,23.38,23.62,1977300.0
1996-12-10,24.75,24.88,24.12,24.25,1010200.0,0.0,1.0,24.75,24.88,24.12,24.25,1010200.0
1996-12-09,24.88,25.25,24.38,24.62,1265100.0,0.0,1.0,24.88,25.25,24.38,24.62,1265100.0
1996-12-06,24.75,25.75,24.5,25.62,468000.0,0.0,1.0,24.75,25.75,24.5,25.62,468000.0
1996-12-05,25.62,25.75,24.88,25.0,369600.0,0.0,1.0,25.62,25.75,24.88,25.0,369600.0
1996-12-04,25.5,26.0,25.5,25.75,786300.0,0.0,1.0,25.5,26.0,25.5,25.75,786300.0
1996-12-03,24.38,25.88,24.25,25.5,655000.0,0.0,1.0,24.38,25.88,24.25,25.5,655000.0
1996-12-02,24.5,24.62,24.0,24.38,377500.0,0.0,1.0,24.5,24.62,24.0,24.38,377500.0
1996-11-29,25.25,25.62,24.38,24.62,187800.0,0.0,1.0,25.25,25.62,24.38,24.62,187800.0
1996-11-27,25.0,25.25,24.75,25.0,602600.0,0.0,1.0,25.0,25.25,24.75,25.0,602600.0
1996-11-26,24.62,25.0,24.38,24.88,903800.0,0.0,1.0,24.62,25.0,24.38,24.88,903800.0
1996-11-25,24.75,25.0,24.62,24.75,358400.0,0.0,1.0,24.75,25.0,24.62,24.75,358400.0
1996-11-22,24.88,25.0,24.62,24.75,472600.0,0.0,1.0,24.88,25.0,24.62,24.75,472600.0
1996-11-21,25.0,25.0,24.5,25.0,1039100.0,0.0,1.0,25.0,25.0,24.5,25.0,1039100.0
1996-11-20,24.62,25.25,23.88,25.12,1281000.0,0.0,1.0,24.62,25.25,23.88,25.12,1281000.0
1996-11-19,25.0,25.38,24.38,24.62,1083600.0,0.0,1.0,25.0,25.38,24.38,24.62,1083600.0
1996-11-18,25.62,26.0,25.38,25.62,511900.0,0.0,1.0,25.62,26.0,25.38,25.62,511900.0
1996-11-15,26.75,26.75,25.38,25.5,432800.0,0.0,1.0,26.75,26.75,25.38,25.5,432800.0
1996-11-14,26.25,27.25,26.25,26.62,1861100.0,0.0,1.0,26.25,27.25,26.25,26.62,1861100.0
1996-11-13,26.38,26.62,26.12,26.38,338300.0,0.0,1.0,26.38,26.62,26.12,26.38,338300.0
1996-11-12,26.5,26.62,25.88,26.38,708800.0,0.0,1.0,26.5,26.62,25.88,26.38,708800.0
1996-11-11,26.88,27.0,26.0,26.38,2181100.0,0.0,1.0,26.88,27.0,26.0,26.38,2181100.0
1996-11-08,25.62,26.88,25.62,26.75,1124100.0,0.0,1.0,25.62,26.88,25.62,26.75,1124100.0
1996-11-07,24.62,25.75,24.5,25.38,879700.0,0.0,1.0,24.62,25.75,24.5,25.38,879700.0
1996-11-06,24.75,24.88,24.12,24.5,1605700.0,0.0,1.0,24.75,24.88,24.12,24.5,1605700.0
1996-11-05,25.25,25.25,23.75,24.75,1394400.0,0.0,1.0,25.25,25.25,23.75,24.75,1394400.0
1996-11-04,25.12,25.25,24.88,25.12,215800.0,0.0,1.0,25.12,25.25,24.88,25.12,215800.0
1996-11-01,25.62,25.88,25.25,25.25,507700.0,0.0,1.0,25.62,25.88,25.25,25.25,507700.0
1996-10-31,25.88,25.88,25.25,25.62,1058000.0,0.0,1.0,25.88,25.88,25.25,25.62,1058000.0
1996-10-30,25.12,26.0,25.12,25.62,1450300.0,0.0,1.0,25.12,26.0,25.12,25.62,1450300.0
1996-10-29,25.5,25.75,25.38,25.38,773500.0,0.0,1.0,25.5,25.75,25.38,25.38,773500.0
1996-10-28,25.5,25.88,25.38,25.62,1036500.0,0.0,1.0,25.5,25.88,25.38,25.62,1036500.0
1996-10-25,26.0,26.12,25.25,25.62,1379000.0,0.0,1.0,26.0,26.12,25.25,25.62,1379000.0
1996-10-24,27.25,27.62,26.38,26.5,1201300.0,0.0,1.0,27.25,27.62,26.38,26.5,1201300.0
1996-10-23,27.25,27.38,26.88,27.12,376500.0,0.0,1.0,27.25,27.38,26.88,27.12,376500.0
1996-10-22,27.5,27.75,26.5,27.25,647700.0,0.0,1.0,27.5,27.75,26.5,27.25,647700.0
1996-10-21,27.88,28.12,27.62,27.75,132800.0,0.0,1.0,27.88,28.12,27.62,27.75,132800.0
1996-10-18,28.12,28.12,27.88,28.0,708700.0,0.0,1.0,28.12,28.12,27.88,28.0,708700.0
1996-10-17,27.75,28.0,27.5,27.88,1415400.0,0.0,1.0,27.75,28.0,27.5,27.88,1415400.0
1996-10-16,27.62,27.62,27.25,27.38,360400.0,0.0,1.0,27.62,27.62,27.25,27.38,360400.0
1996-10-15,27.5,27.62,27.25,27.38,1134000.0,0.0,1.0,27.5,27.62,27.25,27.38,1134000.0
1996-10-14,27.0,27.5,27.0,27.12,981100.0,0.0,1.0,27.0,27.5,27.0,27.12,981100.0
1996-10-11,28.12,28.12,27.75,27.88,506400.0,0.0,1.0,28.12,28.12,27.75,27.88,506400.0
1996-10-10,27.75,28.25,27.75,27.88,796300.0,0.0,1.0,27.75,28.25,27.75,27.88,796300.0
1996-10-09,29.25,29.25,27.62,27.75,867100.0,0.0,1.0,29.25,29.25,27.62,27.75,867100.0
1996-10-08,30.0,30.12,29.0,29.0,1092500.0,0.0,1.0,30.0,30.12,29.0,29.0,1092500.0
1996-10-07,30.5,30.75,30.5,30.62,313500.0,0.0,1.0,30.5,30.75,30.5,30.62,313500.0
1996-10-04,30.12,30.5,30.12,30.5,560300.0,0.0,1.0,30.12,30.5,30.12,30.5,560300.0
1996-10-03,30.38,30.5,30.0,30.0,420400.0,0.0,1.0,30.38,30.5,30.0,30.0,420400.0
1996-10-02,30.0,30.25,29.75,30.25,837500.0,0.0,1.0,30.0,30.25,29.75,30.25,837500.0
1996-10-01,29.25,29.88,29.25,29.75,609500.0,0.0,1.0,29.25,29.88,29.25,29.75,609500.0
1996-09-30,29.38,29.75,29.0,29.0,614300.0,0.0,1.0,29.38,29.75,29.0,29.0,614300.0
1996-09-27,28.5,29.62,28.5,29.38,763200.0,0.0,1.0,28.5,29.62,28.5,29.38,763200.0
1996-09-26,28.75,29.25,28.5,28.62,1276100.0,0.0,1.0,28.75,29.25,28.5,28.62,1276100.0
1996-09-25,28.5,28.75,28.12,28.5,565200.0,0.0,1.0,28.5,28.75,28.12,28.5,565200.0
1996-09-24,28.62,29.25,28.12,28.38,2482500.0,0.0,1.0,28.62,29.25,28.12,28.38,2482500.0
1996-09-23,29.0,29.25,28.25,29.25,768700.0,0.0,1.0,29.0,29.25,28.25,29.25,768700.0
1996-09-20,28.75,28.88,28.62,28.62,393900.0,0.0,1.0,28.75,28.88,28.62,28.62,393900.0
1996-09-19,28.75,29.0,28.5,28.88,482500.0,0.0,1.0,28.75,29.0,28.5,28.88,482500.0
1996-09-18,28.62,28.75,28.5,28.62,384700.0,0.0,1.0,28.62,28.75,28.5,28.62,384700.0
1996-09-17,28.5,28.88,28.0,28.75,1016000.0,0.0,1.0,28.5,28.88,28.0,28.75,1016000.0
1996-09-16,27.75,28.75,27.75,28.62,2215900.0,0.0,1.0,27.75,28.75,27.75,28.62,2215900.0
1996-09-13,29.5,29.62,27.0,27.12,1734700.0,0.0,1.0,29.5,29.62,27.0,27.12,1734700.0
1996-09-12,29.62,29.88,29.25,29.25,643300.0,0.0,1.0,29.62,29.88,29.25,29.25,643300.0
1996-09-11,29.5,29.75,29.25,29.5,273200.0,0.0,1.0,29.5,29.75,29.25,29.5,273200.0
1996-09-10,29.5,29.88,29.38,29.75,246600.0,0.0,1.0,29.5,29.88,29.38,29.75,246600.0
1996-09-09,29.38,29.62,28.88,29.5,374100.0,0.0,1.0,29.38,29.62,28.88,29.5,374100.0
1996-09-06,28.25,29.38,28.25,29.25,601200.0,0.0,1.0,28.25,29.38,28.25,29.25,601200.0
1996-09-05,28.25,28.38,27.88,28.12,715600.0,0.0,1.0,28.25,28.38,27.88,28.12,715600.0
1996-09-04,27.38,28.5,27.38,28.12,762600.0,0.0,1.0,27.38,28.5,27.38,28.12,762600.0
1996-09-03,27.0,27.38,26.5,27.12,695900.0,0.0,1.0,27.0,27.38,26.5,27.12,695900.0
1996-08-30,27.75,27.75,27.12,27.25,1133000.0,0.0,1.0,27.75,27.75,27.12,27.25,1133000.0
1996-08-29,28.0,28.0,27.25,27.62,1407000.0,0.0,1.0,28.0,28.0,27.25,27.62,1407000.0
1996-08-28,27.88,28.12,27.38,28.12,1623900.0,0.0,1.0,27.88,28.12,27.38,28.12,1623900.0
1996-08-27,27.5,28.5,27.25,27.88,3752100.0,0.0,1.0,27.5,28.5,27.25,27.88,3752100.0
1996-08-26,30.0,30.12,26.5,27.0,5426500.0,0.0,1.0,30.0,30.12,26.5,27.0,5426500.0
1996-08-23,30.62,30.62,30.12,30.25,310300.0,0.0,1.0,30.62,30.62,30.12,30.25,310300.0
1996-08-22,30.75,30.88,30.38,30.5,300300.0,0.0,1.0,30.75,30.88,30.38,30.5,300300.0
1996-08-21,30.62,31.0,30.5,30.75,307200.0,0.0,1.0,30.62,31.0,30.5,30.75,307200.0
1996-08-20,30.75,30.88,30.12,30.5,222800.0,0.0,1.0,30.75,30.88,30.12,30.5,222800.0
1996-08-19,31.5,31.5,30.88,31.0,197500.0,0.0,1.0,31.5,31.5,30.88,31.0,197500.0
1996-08-16,31.0,31.62,30.88,31.62,478200.0,0.0,1.0,31.0,31.62,30.88,31.62,478200.0
1996-08-15,30.75,31.38,30.62,31.0,715600.0,0.0,1.0,30.75,31.38,30.62,31.0,715600.0
1996-08-14,30.12,30.75,30.0,30.75,319200.0,0.0,1.0,30.12,30.75,30.0,30.75,319200.0
1996-08-13,30.0,30.25,29.62,30.0,551700.0,0.0,1.0,30.0,30.25,29.62,30.0,551700.0
1996-08-12,30.88,30.88,30.12,30.12,919700.0,0.0,1.0,30.88,30.88,30.12,30.12,919700.0
1996-08-09,31.0,31.0,30.62,30.88,202900.0,0.0,1.0,31.0,31.0,30.62,30.88,202900.0
1996-08-08,31.12,31.12,30.5,30.75,284400.0,0.0,1.0,31.12,31.12,30.5,30.75,284400.0
1996-08-07,31.5,31.62,30.38,31.0,287300.0,0.0,1.0,31.5,31.62,30.38,31.0,287300.0
1996-08-06,31.38,31.38,31.12,31.25,297600.0,0.0,1.0,31.38,31.38,31.12,31.25,297600.0
1996-08-05,32.25,32.5,31.12,31.12,253700.0,0.0,1.0,32.25,32.5,31.12,31.12,253700.0
1996-08-02,30.25,32.62,30.25,32.25,1176200.0,0.0,1.0,30.25,32.62,30.25,32.25,1176200.0
1996-08-01,29.0,30.0,28.38,30.0,1075500.0,0.0,1.0,29.0,30.0,28.38,30.0,1075500.0
1996-07-31,29.75,29.88,28.88,28.88,713300.0,0.0,1.0,29.75,29.88,28.88,28.88,713300.0
1996-07-30,30.75,31.0,29.38,29.75,792800.0,0.0,1.0,30.75,31.0,29.38,29.75,792800.0
1996-07-29,30.12,30.88,30.12,30.5,501600.0,0.0,1.0,30.12,30.88,30.12,30.5,501600.0
1996-07-26,29.62,30.25,29.38,30.25,988000.0,0.0,1.0,29.62,30.25,29.38,30.25,988000.0
1996-07-25,30.0,30.25,29.5,29.75,381000.0,0.0,1.0,30.0,30.25,29.5,29.75,381000.0
1996-07-24,29.5,30.25,29.5,30.12,775800.0,0.0,1.0,29.5,30.25,29.5,30.12,775800.0
1996-07-23,31.5,31.62,30.62,30.88,389600.0,0.0,1.0,31.5,31.62,30.62,30.88,389600.0
1996-07-22,31.62,31.75,31.38,31.5,129400.0,0.0,1.0,31.62,31.75,31.38,31.5,129400.0
1996-07-19,32.0,32.0,31.75,31.88,257900.0,0.0,1.0,32.0,32.0,31.75,31.88,257900.0
1996-07-18,31.75,32.25,31.5,32.25,893100.0,0.0,1.0,31.75,32.25,31.5,32.25,893100.0
1996-07-17,31.12,31.62,31.0,31.5,722300.0,0.0,1.0,31.12,31.62,31.0,31.5,722300.0
1996-07-16,30.75,31.5,28.62,31.0,920000.0,0.0,1.0,30.75,31.5,28.62,31.0,920000.0
1996-07-15,31.38,31.88,30.62,31.0,449000.0,0.0,1.0,31.38,31.88,30.62,31.0,449000.0
1996-07-12,32.0,32.25,31.75,31.75,573900.0,0.0,1.0,32.0,32.25,31.75,31.75,573900.0
1996-07-11,33.0,33.0,31.62,32.0,519400.0,0.0,1.0,33.0,33.0,31.62,32.0,519400.0
1996-07-10,33.25,33.38,32.38,32.5,773900.0,0.0,1.0,33.25,33.38,32.38,32.5,773900.0
1996-07-09,31.75,33.38,31.75,33.38,1253800.0,0.0,1.0,31.75,33.38,31.75,33.38,1253800.0
1996-07-08,32.5,32.62,31.25,31.5,700500.0,0.0,1.0,32.5,32.62,31.25,31.5,700500.0
1996-07-05,32.5,32.75,32.38,32.38,428200.0,0.0,1.0,32.5,32.75,32.38,32.38,428200.0
1996-07-03,33.88,33.88,32.38,33.0,1146100.0,0.0,1.0,33.88,33.88,32.38,33.0,1146100.0
1996-07-02,34.25,34.38,33.75,33.88,925400.0,0.0,1.0,34.25,34.38,33.75,33.88,925400.0
1996-07-01,34.88,35.0,34.25,34.5,126000.0,0.0,1.0,34.88,35.0,34.25,34.5,126000.0
1996-06-28,35.12,35.25,34.75,34.75,657500.0,0.0,1.0,35.12,35.25,34.75,34.75,657500.0
1996-06-27,35.0,35.0,34.62,34.88,488600.0,0.0,1.0,35.0,35.0,34.62,34.88,488600.0
1996-06-26,35.25,35.38,35.0,35.0,427400.0,0.0,1.0,35.25,35.38,35.0,35.0,427400.0
1996-06-25,35.25,35.62,35.25,35.25,393900.0,0.0,1.0,35.25,35.62,35.25,35.25,393900.0
1996-06-24,35.38,35.38,35.12,35.38,863000.0,0.0,1.0,35.38,35.38,35.12,35.38,863000.0
1996-06-21,35.25,35.5,35.25,35.5,608100.0,0.0,1.0,35.25,35.5,35.25,35.5,608100.0
1996-06-20,35.5,35.5,35.12,35.25,467000.0,0.0,1.0,35.5,35.5,35.12,35.25,467000.0
1996-06-19,35.25,35.88,35.12,35.88,654500.0,0.0,1.0,35.25,35.88,35.12,35.88,654500.0
1996-06-18,35.38,35.38,35.0,35.25,644000.0,0.0,1.0,35.38,35.38,35.0,35.25,644000.0
1996-06-17,35.25,35.5,35.0,35.5,465600.0,0.0,1.0,35.25,35.5,35.0,35.5,465600.0
1996-06-14,35.12,35.38,35.0,35.25,601900.0,0.0,1.0,35.12,35.38,35.0,35.25,601900.0
1996-06-13,35.25,35.38,35.12,35.25,713900.0,0.0,1.0,35.25,35.38,35.12,35.25,713900.0
1996-06-12,35.5,35.62,35.12,35.25,500200.0,0.0,1.0,35.5,35.62,35.12,35.25,500200.0
1996-06-11,35.75,35.75,35.38,35.5,1024100.0,0.0,1.0,35.75,35.75,35.38,35.5,1024100.0
1996-06-10,35.25,36.0,35.12,35.88,1442200.0,0.0,1.0,35.25,36.0,35.12,35.88,1442200.0
1996-06-07,34.62,35.5,34.38,35.25,5233600.0,0.0,1.0,34.62,35.5,34.38,35.25,5233600.0
1996-06-06,35.75,35.75,35.0,35.0,416800.0,0.0,1.0,35.75,35.75,35.0,35.0,416800.0
1996-06-05,35.25,36.38,35.25,35.62,499700.0,0.0,1.0,35.25,36.38,35.25,35.62,499700.0
1996-06-04,34.88,35.25,34.75,35.12,316200.0,0.0,1.0,34.88,35.25,34.75,35.12,316200.0
1996-06-03,35.12,35.25,34.75,34.88,329500.0,0.0,1.0,35.12,35.25,34.75,34.88,329500.0
1996-05-31,35.12,35.38,35.0,35.12,147800.0,0.0,1.0,35.12,35.38,35.0,35.12,147800.0
1996-05-30,34.62,35.25,34.5,35.12,487000.0,0.0,1.0,34.62,35.25,34.5,35.12,487000.0
1996-05-29,34.38,35.0,34.38,34.75,274400.0,0.0,1.0,34.38,35.0,34.38,34.75,274400.0
1996-05-28,34.88,35.0,34.38,34.5,631000.0,0.0,1.0,34.88,35.0,34.38,34.5,631000.0
1996-05-24,34.5,35.25,34.5,34.88,358500.0,0.0,1.0,34.5,35.25,34.5,34.88,358500.0
1996-05-23,34.62,34.75,34.38,34.62,448900.0,0.0,1.0,34.62,34.75,34.38,34.62,448900.0
1996-05-22,35.5,35.62,34.62,34.62,452300.0,0.0,1.0,35.5,35.62,34.62,34.62,452300.0
1996-05-21,35.88,36.25,35.38,35.38,434800.0,0.0,1.0,35.88,36.25,35.38,35.38,434800.0
1996-05-20,37.25,37.25,35.75,36.12,406200.0,0.0,1.0,37.25,37.25,35.75,36.12,406200.0
1996-05-17,36.75,37.25,36.75,37.12,868800.0,0.0,1.0,36.75,37.25,36.75,37.12,868800.0
1996-05-16,36.25,36.75,36.25,36.62,302200.0,0.0,1.0,36.25,36.75,36.25,36.62,302200.0
1996-05-15,36.38,36.88,36.25,36.62,488400.0,0.0,1.0,36.38,36.88,36.25,36.62,488400.0
1996-05-14,35.12,36.62,35.12,36.38,1169300.0,0.0,1.0,35.12,36.62,35.12,36.38,1169300.0
1996-05-13,34.75,35.12,34.5,35.12,522200.0,0.0,1.0,34.75,35.12,34.5,35.12,522200.0
1996-05-10,35.0,35.25,34.38,34.75,440700.0,0.0,1.0,35.0,35.25,34.38,34.75,440700.0
1996-05-09,35.5,35.5,34.38,34.88,356000.0,0.0,1.0,35.5,35.5,34.38,34.88,356000.0
1996-05-08,35.62,35.62,34.75,35.62,588100.0,0.0,1.0,35.62,35.62,34.75,35.62,588100.0
1996-05-07,35.5,35.88,35.0,35.88,458900.0,0.0,1.0,35.5,35.88,35.0,35.88,458900.0
1996-05-06,36.5,36.5,34.88,35.5,319000.0,0.0,1.0,36.5,36.5,34.88,35.5,319000.0
1996-05-03,36.62,37.12,36.38,36.5,774300.0,0.0,1.0,36.62,37.12,36.38,36.5,774300.0
1996-05-02,36.38,36.38,35.88,36.0,275900.0,0.0,1.0,36.38,36.38,35.88,36.0,275900.0
1996-05-01,36.38,36.62,36.12,36.25,438000.0,0.0,1.0,36.38,36.62,36.12,36.25,438000.0
1996-04-30,36.5,36.62,36.38,36.5,102900.0,0.0,1.0,36.5,36.62,36.38,36.5,102900.0
1996-04-29,36.0,36.62,35.38,36.5,290200.0,0.0,1.0,36.0,36.62,35.38,36.5,290200.0
1996-04-26,36.5,36.62,35.5,36.12,363400.0,0.0,1.0,36.5,36.62,35.5,36.12,363400.0
1996-04-25,37.12,37.25,36.25,36.62,485900.0,0.0,1.0,37.12,37.25,36.25,36.62,485900.0
1996-04-24,36.12,37.62,36.12,37.5,835200.0,0.0,1.0,36.12,37.62,36.12,37.5,835200.0
1996-04-23,35.38,36.12,35.12,36.12,398300.0,0.0,1.0,35.38,36.12,35.12,36.12,398300.0
1996-04-22,34.75,35.5,34.75,35.25,393600.0,0.0,1.0,34.75,35.5,34.75,35.25,393600.0
1996-04-19,34.5,35.12,34.5,35.0,223200.0,0.0,1.0,34.5,35.12,34.5,35.0,223200.0
1996-04-18,34.5,34.62,34.38,34.62,450000.0,0.0,1.0,34.5,34.62,34.38,34.62,450000.0
1996-04-17,35.12,35.12,34.38,34.5,472100.0,0.0,1.0,35.12,35.12,34.38,34.5,472100.0
1996-04-16,34.25,35.25,34.25,35.0,961400.0,0.0,1.0,34.25,35.25,34.25,35.0,961400.0
1996-04-15,33.38,34.38,33.38,34.0,851800.0,0.0,1.0,33.38,34.38,33.38,34.0,851800.0
1996-04-12,32.5,33.5,32.5,33.25,879000.0,0.0,1.0,32.5,33.5,32.5,33.25,879000.0
1996-04-11,33.38,33.62,31.62,32.38,464000.0,0.0,1.0,33.38,33.62,31.62,32.38,464000.0
1996-04-10,33.25,33.62,33.12,33.62,193600.0,0.0,1.0,33.25,33.62,33.12,33.62,193600.0
1996-04-09,32.88,33.5,32.88,33.5,301100.0,0.0,1.0,32.88,33.5,32.88,33.5,301100.0
1996-04-08,33.88,33.88,32.62,32.62,589400.0,0.0,1.0,33.88,33.88,32.62,32.62,589400.0
1996-04-04,34.38,34.62,34.25,34.38,766300.0,0.0,1.0,34.38,34.62,34.25,34.38,766300.0
1996-04-03,34.38,34.5,33.88,34.5,574800.0,0.0,1.0,34.38,34.5,33.88,34.5,574800.0
1996-04-02,35.0,35.0,34.5,34.5,865100.0,0.0,1.0,35.0,35.0,34.5,34.5,865100.0
1996-04-01,33.75,35.0,33.75,35.0,296900.0,0.0,1.0,33.75,35.0,33.75,35.0,296900.0
1996-03-29,33.75,34.25,33.25,33.88,501300.0,0.0,1.0,33.75,34.25,33.25,33.88,501300.0
1996-03-28,33.75,33.88,33.62,33.75,384700.0,0.0,1.0,33.75,33.88,33.62,33.75,384700.0
1996-03-27,34.12,34.12,33.75,34.0,324700.0,0.0,1.0,34.12,34.12,33.75,34.0,324700.0
1996-03-26,33.88,34.12,33.62,33.88,585200.0,0.0,1.0,33.88,34.12,33.62,33.88,585200.0
1996-03-25,33.25,34.38,33.25,33.75,748700.0,0.0,1.0,33.25,34.38,33.25,33.75,748700.0
1996-03-22,32.12,33.38,32.12,33.25,469300.0,0.0,1.0,32.12,33.38,32.12,33.25,469300.0
1996-03-21,33.25,33.25,31.75,32.12,596700.0,0.0,1.0,33.25,33.25,31.75,32.12,596700.0
1996-03-20,32.38,33.38,32.25,33.38,871100.0,0.0,1.0,32.38,33.38,32.25,33.38,871100.0
1996-03-19,31.62,32.5,31.62,32.38,1265900.0,0.0,1.0,31.62,32.5,31.62,32.38,1265900.0
1996-03-18,30.62,31.88,30.62,31.62,589500.0,0.0,1.0,30.62,31.88,30.62,31.62,589500.0
1996-03-15,30.12,30.75,29.88,30.62,417500.0,0.0,1.0,30.12,30.75,29.88,30.62,417500.0
1996-03-14,29.88,30.25,29.75,30.25,881800.0,0.0,1.0,29.88,30.25,29.75,30.25,881800.0
1996-03-13,29.62,29.75,29.38,29.62,1198900.0,0.0,1.0,29.62,29.75,29.38,29.62,1198900.0
1996-03-12,29.12,29.62,29.0,29.25,1595500.0,0.0,1.0,29.12,29.62,29.0,29.25,1595500.0
1996-03-11,28.5,28.88,28.5,28.5,571800.0,0.0,1.0,28.5,28.88,28.5,28.5,571800.0
1996-03-08,29.0,29.12,28.5,28.5,849800.0,0.0,1.0,29.0,29.12,28.5,28.5,849800.0
1996-03-07,29.12,29.88,29.0,29.62,1559200.0,0.0,1.0,29.12,29.88,29.0,29.62,1559200.0
1996-03-06,28.75,29.5,28.62,29.12,1486600.0,0.0,1.0,28.75,29.5,28.62,29.12,1486600.0
1996-03-05,28.25,28.75,28.25,28.62,1886300.0,0.0,1.0,28.25,28.75,28.25,28.62,1886300.0
1996-03-04,26.12,27.38,25.88,27.25,1109600.0,0.0,1.0,26.12,27.38,25.88,27.25,1109600.0
1996-03-01,26.0,26.25,25.5,26.0,395800.0,0.0,1.0,26.0,26.25,25.5,26.0,395800.0
1996-02-29,25.88,26.25,25.5,25.75,883700.0,0.0,1.0,25.88,26.25,25.5,25.75,883700.0
1996-02-28,26.88,26.88,26.0,26.0,831000.0,0.0,1.0,26.88,26.88,26.0,26.0,831000.0
1996-02-27,27.25,27.25,26.62,26.88,251200.0,0.0,1.0,27.25,27.25,26.62,26.88,251200.0
1996-02-26,27.5,27.62,27.25,27.38,226400.0,0.0,1.0,27.5,27.62,27.25,27.38,226400.0
1996-02-23,27.5,27.62,27.25,27.62,300200.0,0.0,1.0,27.5,27.62,27.25,27.62,300200.0
1996-02-22,27.0,27.75,27.0,27.62,465900.0,0.0,1.0,27.0,27.75,27.0,27.62,465900.0
1996-02-21,27.12,27.38,26.38,26.75,698800.0,0.0,1.0,27.12,27.38,26.38,26.75,698800.0
1996-02-20,27.38,27.62,27.12,27.12,290500.0,0.0,1.0,27.38,27.62,27.12,27.12,290500.0
1996-02-16,27.5,27.62,27.38,27.5,209000.0,0.0,1.0,27.5,27.62,27.38,27.5,209000.0
1996-02-15,27.5,27.62,27.38,27.5,278500.0,0.0,1.0,27.5,27.62,27.38,27.5,278500.0
1996-02-14,27.62,27.88,27.38,27.62,146200.0,0.0,1.0,27.62,27.88,27.38,27.62,146200.0
1996-02-13,27.62,27.75,27.25,27.5,207100.0,0.0,1.0,27.62,27.75,27.25,27.5,207100.0
1996-02-12,27.75,28.12,27.62,27.75,308300.0,0.0,1.0,27.75,28.12,27.62,27.75,308300.0
1996-02-09,27.62,27.75,27.5,27.75,608600.0,0.0,1.0,27.62,27.75,27.5,27.75,608600.0
1996-02-08,27.62,27.75,27.25,27.5,857300.0,0.0,1.0,27.62,27.75,27.25,27.5,857300.0
1996-02-07,26.75,27.62,26.75,27.62,715700.0,0.0,1.0,26.75,27.62,26.75,27.62,715700.0
1996-02-06,26.75,26.88,26.5,26.88,1016600.0,0.0,1.0,26.75,26.88,26.5,26.88,1016600.0
1996-02-05,26.5,26.75,26.12,26.75,825800.0,0.0,1.0,26.5,26.75,26.12,26.75,825800.0
1996-02-02,25.88,26.88,25.75,26.75,663800.0,0.0,1.0,25.88,26.88,25.75,26.75,663800.0
1996-02-01,24.12,25.75,23.38,24.88,1343800.0,0.0,1.0,24.12,25.75,23.38,24.88,1343800.0
1996-01-31,25.0,25.0,24.0,24.12,821700.0,0.0,1.0,25.0,25.0,24.0,24.12,821700.0
1996-01-30,25.62,26.0,25.0,25.0,476700.0,0.0,1.0,25.62,26.0,25.0,25.0,476700.0
1996-01-29,26.12,26.12,25.38,25.5,372400.0,0.0,1.0,26.12,26.12,25.38,25.5,372400.0
1996-01-26,25.62,26.25,25.38,26.0,337000.0,0.0,1.0,25.62,26.25,25.38,26.0,337000.0
1996-01-25,24.5,25.62,24.5,25.5,911500.0,0.0,1.0,24.5,25.62,24.5,25.5,911500.0
1996-01-24,25.0,25.12,24.25,24.62,384700.0,0.0,1.0,25.0,25.12,24.25,24.62,384700.0
1996-01-23,25.38,25.5,24.75,25.0,371200.0,0.0,1.0,25.38,25.5,24.75,25.0,371200.0
1996-01-22,26.25,26.25,25.25,25.5,366600.0,0.0,1.0,26.25,26.25,25.25,25.5,366600.0
1996-01-19,25.25,26.25,25.19,26.25,587000.0,0.0,1.0,25.25,26.25,25.19,26.25,587000.0
1996-01-18,24.88,25.25,24.88,25.25,304600.0,0.0,1.0,24.88,25.25,24.88,25.25,304600.0
1996-01-17,24.88,25.25,24.75,24.88,586000.0,0.0,1.0,24.88,25.25,24.75,24.88,586000.0
1996-01-16,24.88,25.25,24.75,24.88,560600.0,0.0,1.0,24.88,25.25,24.75,24.88,560600.0
1996-01-15,24.75,24.88,24.25,24.75,507600.0,0.0,1.0,24.75,24.88,24.25,24.75,507600.0
1996-01-12,25.12,25.38,24.62,25.0,747800.0,0.0,1.0,25.12,25.38,24.62,25.0,747800.0
1996-01-11,26.25,26.38,25.5,25.5,560200.0,0.0,1.0,26.25,26.38,25.5,25.5,560200.0
1996-01-10,26.38,26.38,25.62,26.12,539700.0,0.0,1.0,26.38,26.38,25.62,26.12,539700.0
1996-01-09,27.25,27.38,26.38,26.5,465000.0,0.0,1.0,27.25,27.38,26.38,26.5,465000.0
1996-01-08,27.88,27.88,27.38,27.5,31700.0,0.0,1.0,27.88,27.88,27.38,27.5,31700.0
1996-01-05,28.25,28.38,27.88,28.12,244400.0,0.0,1.0,28.25,28.38,27.88,28.12,244400.0
1996-01-04,28.75,28.75,28.25,28.25,239400.0,0.0,1.0,28.75,28.75,28.25,28.25,239400.0
1996-01-03,29.0,29.0,28.5,28.75,565100.0,0.0,1.0,29.0,29.0,28.5,28.75,565100.0
1996-01-02,29.12,29.25,28.62,28.88,411500.0,0.0,1.0,29.12,29.25,28.62,28.88,411500.0
1995-12-29,28.88,28.88,28.62,28.88,68300.0,0.0,1.0,28.88,28.88,28.62,28.88,68300.0
1995-12-28,29.12,29.12,28.62,28.75,317300.0,0.0,1.0,29.12,29.12,28.62,28.75,317300.0
1995-12-27,28.75,29.0,28.75,28.88,163700.0,0.0,1.0,28.75,29.0,28.75,28.88,163700.0
1995-12-26,29.12,29.12,28.62,28.88,176700.0,0.0,1.0,29.12,29.12,28.62,28.88,176700.0
1995-12-22,29.12,29.5,28.75,29.12,301900.0,0.0,1.0,29.12,29.5,28.75,29.12,301900.0
1995-12-21,28.88,29.25,28.75,29.25,283900.0,0.0,1.0,28.88,29.25,28.75,29.25,283900.0
1995-12-20,28.62,29.0,28.25,28.75,405500.0,0.0,1.0,28.62,29.0,28.25,28.75,405500.0
1995-12-19,28.38,28.38,27.75,28.38,183900.0,0.0,1.0,28.38,28.38,27.75,28.38,183900.0
1995-12-18,28.12,28.62,27.5,28.25,323500.0,0.0,1.0,28.12,28.62,27.5,28.25,323500.0
1995-12-15,27.88,28.12,27.75,27.88,89800.0,0.0,1.0,27.88,28.12,27.75,27.88,89800.0
1995-12-14,29.0,29.0,27.75,28.0,463000.0,0.0,1.0,29.0,29.0,27.75,28.0,463000.0
1995-12-13,29.0,29.25,28.75,29.0,238300.0,0.0,1.0,29.0,29.25,28.75,29.0,238300.0
1995-12-12,29.5,29.5,29.0,29.25,237900.0,0.0,1.0,29.5,29.5,29.0,29.25,237900.0
1995-12-11,29.88,29.88,29.25,29.62,250100.0,0.0,1.0,29.88,29.88,29.25,29.62,250100.0
1995-12-08,29.62,29.88,29.5,29.88,135400.0,0.0,1.0,29.62,29.88,29.5,29.88,135400.0
1995-12-07,29.62,29.62,29.38,29.5,123900.0,0.0,1.0,29.62,29.62,29.38,29.5,123900.0
1995-12-06,29.38,29.88,29.25,29.38,300300.0,0.0,1.0,29.38,29.88,29.25,29.38,300300.0
1995-12-05,29.0,29.5,28.88,29.5,253300.0,0.0,1.0,29.0,29.5,28.88,29.5,253300.0
1995-12-04,29.12,29.88,28.62,28.62,277200.0,0.0,1.0,29.12,29.88,28.62,28.62,277200.0
1995-12-01,28.88,29.38,28.88,29.38,234200.0,0.0,1.0,28.88,29.38,28.88,29.38,234200.0
1995-11-30,28.75,29.12,28.62,29.12,292100.0,0.0,1.0,28.75,29.12,28.62,29.12,292100.0
1995-11-29,28.62,29.0,28.38,29.0,410800.0,0.0,1.0,28.62,29.0,28.38,29.0,410800.0
1995-11-28,29.0,29.0,28.5,28.5,496200.0,0.0,1.0,29.0,29.0,28.5,28.5,496200.0
1995-11-27,29.25,29.25,28.75,28.75,344300.0,0.0,1.0,29.25,29.25,28.75,28.75,344300.0
1995-11-24,29.0,29.25,28.88,29.25,52200.0,0.0,1.0,29.0,29.25,28.88,29.25,52200.0
1995-11-22,29.5,29.5,28.88,29.0,837500.0,0.0,1.0,29.5,29.5,28.88,29.0,837500.0
1995-11-21,30.12,30.12,29.0,29.5,647900.0,0.0,1.0,30.12,30.12,29.0,29.5,647900.0
1995-11-20,29.5,30.12,29.5,30.12,585000.0,0.0,1.0,29.5,30.12,29.5,30.12,585000.0
1995-11-17,28.88,29.75,28.88,29.62,580700.0,0.0,1.0,28.88,29.75,28.88,29.62,580700.0
1995-11-16,28.25,28.75,28.25,28.75,240500.0,0.0,1.0,28.25,28.75,28.25,28.75,240500.0
1995-11-15,28.38,28.38,28.12,28.25,311700.0,0.0,1.0,28.38,28.38,28.12,28.25,311700.0
1995-11-14,27.88,28.38,27.88,28.38,250300.0,0.0,1.0,27.88,28.38,27.88,28.38,250300.0
1995-11-13,28.25,28.25,27.75,28.0,296400.0,0.0,1.0,28.25,28.25,27.75,28.0,296400.0
1995-11-10,28.62,28.62,28.0,28.12,346000.0,0.0,1.0,28.62,28.62,28.0,28.12,346000.0
1995-11-09,28.5,29.0,28.5,28.88,327100.0,0.0,1.0,28.5,29.0,28.5,28.88,327100.0
1995-11-08,28.38,28.75,28.0,28.38,421400.0,0.0,1.0,28.38,28.75,28.0,28.38,421400.0
1995-11-07,27.25,28.12,27.25,28.12,382900.0,0.0,1.0,27.25,28.12,27.25,28.12,382900.0
1995-11-06,27.38,27.38,27.25,27.25,297200.0,0.0,1.0,27.38,27.38,27.25,27.25,297200.0
1995-11-03,26.88,27.38,26.5,27.38,582000.0,0.0,1.0,26.88,27.38,26.5,27.38,582000.0
1995-11-02,25.75,26.88,25.75,26.38,683400.0,0.0,1.0,25.75,26.88,25.75,26.38,683400.0
1995-11-01,24.88,25.38,24.88,25.38,505600.0,0.0,1.0,24.88,25.38,24.88,25.38,505600.0
1995-10-31,24.88,25.25,24.75,24.75,293600.0,0.0,1.0,24.88,25.25,24.75,24.75,293600.0
1995-10-30,24.88,25.12,24.75,24.88,232300.0,0.0,1.0,24.88,25.12,24.75,24.88,232300.0
1995-10-27,24.88,24.88,24.75,24.75,199800.0,0.0,1.0,24.88,24.88,24.75,24.75,199800.0
1995-10-26,24.88,24.88,24.75,24.88,274700.0,0.0,1.0,24.88,24.88,24.75,24.88,274700.0
1995-10-25,25.0,25.0,24.75,24.88,333500.0,0.0,1.0,25.0,25.0,24.75,24.88,333500.0
1995-10-24,24.75,25.12,24.75,25.0,551500.0,0.0,1.0,24.75,25.12,24.75,25.0,551500.0
1995-10-23,24.75,24.88,24.75,24.75,217500.0,0.0,1.0,24.75,24.88,24.75,24.75,217500.0
1995-10-20,24.75,24.88,24.75,24.75,123200.0,0.0,1.0,24.75,24.88,24.75,24.75,123200.0
1995-10-19,25.0,25.12,24.75,24.88,702800.0,0.0,1.0,25.0,25.12,24.75,24.88,702800.0
1995-10-18,25.0,25.38,25.0,25.0,903200.0,0.0,1.0,25.0,25.38,25.0,25.0,903200.0
1995-10-17,25.0,25.12,25.0,25.0,524600.0,0.0,1.0,25.0,25.12,25.0,25.0,524600.0
1995-10-16,25.38,25.38,25.0,25.0,389700.0,0.0,1.0,25.38,25.38,25.0,25.0,389700.0
1995-10-13,25.25,25.62,25.12,25.38,1056300.0,0.0,1.0,25.25,25.62,25.12,25.38,1056300.0
1995-10-12,25.0,25.25,24.94,25.12,3405200.0,0.0,1.0,25.0,25.25,24.94,25.12,3405200.0
1995-10-11,25.62,25.62,25.25,25.38,97200.0,0.0,1.0,25.62,25.62,25.25,25.38,97200.0
1995-10-10,25.5,25.5,25.25,25.5,229400.0,0.0,1.0,25.5,25.5,25.25,25.5,229400.0
1995-10-09,26.0,26.0,25.12,25.5,138200.0,0.0,1.0,26.0,26.0,25.12,25.5,138200.0
1995-10-06,26.0,26.12,25.75,26.12,133100.0,0.0,1.0,26.0,26.12,25.75,26.12,133100.0
1995-10-05,25.75,26.12,25.62,26.12,145700.0,0.0,1.0,25.75,26.12,25.62,26.12,145700.0
1995-10-04,25.5,25.88,25.5,25.5,182100.0,0.0,1.0,25.5,25.88,25.5,25.5,182100.0
1995-10-03,25.38,25.5,25.25,25.38,150100.0,0.0,1.0,25.38,25.5,25.25,25.38,150100.0
1995-10-02,25.88,25.88,25.38,25.38,181700.0,0.0,1.0,25.88,25.88,25.38,25.38,181700.0
1995-09-29,26.38,26.62,25.5,25.5,475900.0,0.0,1.0,26.38,26.62,25.5,25.5,475900.0
1995-09-28,26.88,26.88,26.12,26.12,268600.0,0.0,1.0,26.88,26.88,26.12,26.12,268600.0
1995-09-27,27.0,27.25,26.75,26.75,552700.0,0.0,1.0,27.0,27.25,26.75,26.75,552700.0
1995-09-26,27.38,27.38,27.0,27.25,164600.0,0.0,1.0,27.38,27.38,27.0,27.25,164600.0
1995-09-25,27.12,27.38,27.0,27.38,123100.0,0.0,1.0,27.12,27.38,27.0,27.38,123100.0
1995-09-22,27.0,27.12,26.88,27.0,205100.0,0.0,1.0,27.0,27.12,26.88,27.0,205100.0
1995-09-21,27.62,27.75,27.38,27.5,181300.0,0.0,1.0,27.62,27.75,27.38,27.5,181300.0
1995-09-20,27.0,27.62,26.88,27.62,357600.0,0.0,1.0,27.0,27.62,26.88,27.62,357600.0
1995-09-19,27.0,27.12,26.88,27.0,135100.0,0.0,1.0,27.0,27.12,26.88,27.0,135100.0
1995-09-18,27.25,27.25,26.88,27.0,128900.0,0.0,1.0,27.25,27.25,26.88,27.0,128900.0
1995-09-15,27.0,27.12,26.88,27.12,194500.0,0.0,1.0,27.0,27.12,26.88,27.12,194500.0
1995-09-14,27.25,27.25,27.0,27.25,242700.0,0.0,1.0,27.25,27.25,27.0,27.25,242700.0
1995-09-13,26.88,27.0,26.75,27.0,479900.0,0.0,1.0,26.88,27.0,26.75,27.0,479900.0
1995-09-12,27.12,27.25,26.75,26.75,233000.0,0.0,1.0,27.12,27.25,26.75,26.75,233000.0
1995-09-11,26.75,27.12,26.75,27.0,335000.0,0.0,1.0,26.75,27.12,26.75,27.0,335000.0
1995-09-08,26.75,26.88,26.62,26.75,188000.0,0.0,1.0,26.75,26.88,26.62,26.75,188000.0
1995-09-07,26.88,26.88,26.5,26.5,141500.0,0.0,1.0,26.88,26.88,26.5,26.5,141500.0
1995-09-06,26.75,27.0,26.75,26.75,176000.0,0.0,1.0,26.75,27.0,26.75,26.75,176000.0
1995-09-05,26.62,26.88,26.62,26.88,354400.0,0.0,1.0,26.62,26.88,26.62,26.88,354400.0
1995-09-01,26.62,26.88,26.25,26.38,179200.0,0.0,1.0,26.62,26.88,26.25,26.38,179200.0
1995-08-31,27.12,27.12,26.62,26.88,198800.0,0.0,1.0,27.12,27.12,26.62,26.88,198800.0
1995-08-30,27.0,27.25,26.88,27.0,127900.0,0.0,1.0,27.0,27.25,26.88,27.0,127900.0
1995-08-29,26.88,27.0,26.62,26.88,176100.0,0.0,1.0,26.88,27.0,26.62,26.88,176100.0
1995-08-28,26.88,27.12,26.62,27.0,194900.0,0.0,1.0,26.88,27.12,26.62,27.0,194900.0
1995-08-25,26.88,27.0,26.88,26.88,224500.0,0.0,1.0,26.88,27.0,26.88,26.88,224500.0
1995-08-24,27.5,27.62,26.88,26.88,346300.0,0.0,1.0,27.5,27.62,26.88,26.88,346300.0
1995-08-23,27.38,27.62,27.25,27.25,140500.0,0.0,1.0,27.38,27.62,27.25,27.25,140500.0
1995-08-22,27.25,27.62,27.25,27.5,335200.0,0.0,1.0,27.25,27.62,27.25,27.5,335200.0
1995-08-21,27.25,27.38,27.0,27.25,228400.0,0.0,1.0,27.25,27.38,27.0,27.25,228400.0
1995-08-18,26.88,26.88,26.62,26.62,104900.0,0.0,1.0,26.88,26.88,26.62,26.62,104900.0
1995-08-17,26.62,27.0,26.5,27.0,334000.0,0.0,1.0,26.62,27.0,26.5,27.0,334000.0
1995-08-16,26.75,27.12,26.38,26.75,638900.0,0.0,1.0,26.75,27.12,26.38,26.75,638900.0
1995-08-15,26.25,26.62,26.12,26.5,241900.0,0.0,1.0,26.25,26.62,26.12,26.5,241900.0
1995-08-14,26.12,26.62,26.12,26.38,511300.0,0.0,1.0,26.12,26.62,26.12,26.38,511300.0
1995-08-11,26.0,26.12,25.88,25.88,115300.0,0.0,1.0,26.0,26.12,25.88,25.88,115300.0
1995-08-10,25.88,26.12,25.88,26.0,96600.0,0.0,1.0,25.88,26.12,25.88,26.0,96600.0
1995-08-09,26.0,26.0,25.5,25.88,176800.0,0.0,1.0,26.0,26.0,25.5,25.88,176800.0
1995-08-08,26.25,26.25,25.88,26.12,76000.0,0.0,1.0,26.25,26.25,25.88,26.12,76000.0
1995-08-07,26.0,26.25,26.0,26.25,82700.0,0.0,1.0,26.0,26.25,26.0,26.25,82700.0
1995-08-04,26.0,26.25,25.75,26.0,278600.0,0.0,1.0,26.0,26.25,25.75,26.0,278600.0
1995-08-03,25.5,26.12,25.5,26.0,372000.0,0.0,1.0,25.5,26.12,25.5,26.0,372000.0
1995-08-02,25.38,25.5,25.0,25.5,602200.0,0.0,1.0,25.38,25.5,25.0,25.5,602200.0
1995-08-01,25.88,26.0,25.12,25.25,678400.0,0.0,1.0,25.88,26.0,25.12,25.25,678400.0
1995-07-31,26.0,26.12,25.62,26.0,229200.0,0.0,1.0,26.0,26.12,25.62,26.0,229200.0
1995-07-28,26.0,26.12,25.62,26.0,223800.0,0.0,1.0,26.0,26.12,25.62,26.0,223800.0
1995-07-27,26.0,26.38,25.75,26.0,241800.0,0.0,1.0,26.0,26.38,25.75,26.0,241800.0
1995-07-26,25.88,26.25,25.88,26.0,648900.0,0.0,1.0,25.88,26.25,25.88,26.0,648900.0
1995-07-25,25.12,25.62,25.0,25.62,255800.0,0.0,1.0,25.12,25.62,25.0,25.62,255800.0
1995-07-24,25.12,25.25,25.0,25.12,451800.0,0.0,1.0,25.12,25.25,25.0,25.12,451800.0
1995-07-21,25.38,25.38,25.0,25.0,201400.0,0.0,1.0,25.38,25.38,25.0,25.0,201400.0
1995-07-20,25.62,25.62,25.12,25.25,249800.0,0.0,1.0,25.62,25.62,25.12,25.25,249800.0
1995-07-19,25.88,26.0,25.5,25.5,218600.0,0.0,1.0,25.88,26.0,25.5,25.5,218600.0
1995-07-18,25.62,25.88,25.5,25.88,72100.0,0.0,1.0,25.62,25.88,25.5,25.88,72100.0
1995-07-17,25.25,25.88,25.25,25.75,150600.0,0.0,1.0,25.25,25.88,25.25,25.75,150600.0
1995-07-14,25.25,25.62,25.12,25.5,292700.0,0.0,1.0,25.25,25.62,25.12,25.5,292700.0
1995-07-13,26.0,26.0,25.62,25.88,163000.0,0.0,1.0,26.0,26.0,25.62,25.88,163000.0
1995-07-12,26.0,26.12,25.75,25.88,304100.0,0.0,1.0,26.0,26.12,25.75,25.88,304100.0
1995-07-11,26.12,26.5,25.88,26.0,283600.0,0.0,1.0,26.12,26.5,25.88,26.0,283600.0
1995-07-10,26.25,26.5,26.12,26.38,333900.0,0.0,1.0,26.25,26.5,26.12,26.38,333900.0
1995-07-07,25.88,26.5,25.62,26.12,633700.0,0.0,1.0,25.88,26.5,25.62,26.12,633700.0
1995-07-06,25.75,25.88,25.62,25.62,268900.0,0.0,1.0,25.75,25.88,25.62,25.62,268900.0
1995-07-05,25.25,26.0,25.0,25.75,229000.0,0.0,1.0,25.25,26.0,25.0,25.75,229000.0
1995-07-03,25.12,25.25,25.12,25.12,126300.0,0.0,1.0,25.12,25.25,25.12,25.12,126300.0
1995-06-30,25.12,25.12,24.88,25.12,293100.0,0.0,1.0,25.12,25.12,24.88,25.12,293100.0
1995-06-29,25.38,25.38,25.0,25.0,112500.0,0.0,1.0,25.38,25.38,25.0,25.0,112500.0
1995-06-28,25.0,25.25,24.88,25.25,304900.0,0.0,1.0,25.0,25.25,24.88,25.25,304900.0
1995-06-27,25.25,25.38,24.88,25.12,120000.0,0.0,1.0,25.25,25.38,24.88,25.12,120000.0
1995-06-26,24.5,25.5,24.25,25.25,490200.0,0.0,1.0,24.5,25.5,24.25,25.25,490200.0
1995-06-23,25.5,25.5,24.38,24.5,607000.0,0.0,1.0,25.5,25.5,24.38,24.5,607000.0
1995-06-22,25.12,25.75,25.12,25.75,270700.0,0.0,1.0,25.12,25.75,25.12,25.75,270700.0
1995-06-21,26.0,26.0,25.12,25.12,301100.0,0.0,1.0,26.0,26.0,25.12,25.12,301100.0
1995-06-20,25.88,26.12,25.75,26.0,404300.0,0.0,1.0,25.88,26.12,25.75,26.0,404300.0
1995-06-19,25.5,26.0,25.5,25.62,715800.0,0.0,1.0,25.5,26.0,25.5,25.62,715800.0
1995-06-16,25.0,25.62,25.0,25.38,445100.0,0.0,1.0,25.0,25.62,25.0,25.38,445100.0
1995-06-15,25.0,25.12,24.88,25.12,239800.0,0.0,1.0,25.0,25.12,24.88,25.12,239800.0
1995-06-14,25.0,25.25,24.75,25.12,516200.0,0.0,1.0,25.0,25.25,24.75,25.12,516200.0
1995-06-13,23.88,25.25,23.5,25.0,622000.0,0.0,1.0,23.88,25.25,23.5,25.0,622000.0
1995-06-12,23.62,23.88,23.5,23.62,162200.0,0.0,1.0,23.62,23.88,23.5,23.62,162200.0
1995-06-09,23.25,23.62,23.25,23.62,97700.0,0.0,1.0,23.25,23.62,23.25,23.62,97700.0
1995-06-08,23.5,23.88,23.38,23.5,224300.0,0.0,1.0,23.5,23.88,23.38,23.5,224300.0
1995-06-07,23.25,23.5,23.12,23.5,399000.0,0.0,1.0,23.25,23.5,23.12,23.5,399000.0
1995-06-06,23.5,23.62,23.38,23.38,238500.0,0.0,1.0,23.5,23.62,23.38,23.38,238500.0
1995-06-05,23.25,23.5,23.12,23.5,537700.0,0.0,1.0,23.25,23.5,23.12,23.5,537700.0
1995-06-02,23.88,23.88,23.0,23.0,427300.0,0.0,1.0,23.88,23.88,23.0,23.0,427300.0
1995-06-01,23.38,23.88,23.12,23.62,265500.0,0.0,1.0,23.38,23.88,23.12,23.62,265500.0
1995-05-31,23.62,23.62,23.12,23.25,565600.0,0.0,1.0,23.62,23.62,23.12,23.25,565600.0
1995-05-30,24.25,24.25,23.38,23.75,356800.0,0.0,1.0,24.25,24.25,23.38,23.75,356800.0
1995-05-26,24.88,24.88,24.38,24.38,575900.0,0.0,1.0,24.88,24.88,24.38,24.38,575900.0
1995-05-25,24.88,25.38,24.0,24.88,1060900.0,0.0,1.0,24.88,25.38,24.0,24.88,1060900.0
1995-05-24,23.88,25.25,23.88,24.75,493400.0,0.0,1.0,23.88,25.25,23.88,24.75,493400.0
1995-05-23,23.38,24.0,23.12,23.88,315900.0,0.0,1.0,23.38,24.0,23.12,23.88,315900.0
1995-05-22,22.62,23.62,22.62,23.38,185600.0,0.0,1.0,22.62,23.62,22.62,23.38,185600.0
1995-05-19,22.25,23.12,22.25,22.38,374800.0,0.0,1.0,22.25,23.12,22.25,22.38,374800.0
1995-05-18,23.38,23.62,22.0,22.0,384900.0,0.0,1.0,23.38,23.62,22.0,22.0,384900.0
1995-05-17,24.5,24.62,23.25,23.25,370400.0,0.0,1.0,24.5,24.62,23.25,23.25,370400.0
1995-05-16,24.88,25.0,24.62,24.75,258300.0,0.0,1.0,24.88,25.0,24.62,24.75,258300.0
1995-05-15,25.12,25.38,24.75,25.0,179400.0,0.0,1.0,25.12,25.38,24.75,25.0,179400.0
1995-05-12,23.88,25.62,23.62,25.25,501600.0,0.0,1.0,23.88,25.62,23.62,25.25,501600.0
1995-05-11,23.38,24.0,23.0,23.88,323800.0,0.0,1.0,23.38,24.0,23.0,23.88,323800.0
1995-05-10,22.88,23.12,22.75,23.12,208200.0,0.0,1.0,22.88,23.12,22.75,23.12,208200.0
1995-05-09,22.5,22.88,22.25,22.62,584400.0,0.0,1.0,22.5,22.88,22.25,22.62,584400.0
1995-05-08,23.0,23.0,22.25,22.5,311900.0,0.0,1.0,23.0,23.0,22.25,22.5,311900.0
1995-05-05,23.12,23.25,22.75,23.0,212800.0,0.0,1.0,23.12,23.25,22.75,23.0,212800.0
1995-05-04,23.12,23.5,23.12,23.12,189400.0,0.0,1.0,23.12,23.5,23.12,23.12,189400.0
1995-05-03,23.12,23.25,23.0,23.12,161800.0,0.0,1.0,23.12,23.25,23.0,23.12,161800.0
1995-05-02,23.0,23.25,23.0,23.0,165000.0,0.0,1.0,23.0,23.25,23.0,23.0,165000.0
1995-05-01,23.12,23.12,23.0,23.0,35700.0,0.0,1.0,23.12,23.12,23.0,23.0,35700.0
1995-04-28,23.12,23.25,23.12,23.12,66300.0,0.0,1.0,23.12,23.25,23.12,23.12,66300.0
1995-04-27,23.0,23.25,23.0,23.12,553600.0,0.0,1.0,23.0,23.25,23.0,23.12,553600.0
1995-04-26,23.12,23.5,23.0,23.25,452500.0,0.0,1.0,23.12,23.5,23.0,23.25,452500.0
1995-04-25,23.25,23.38,23.0,23.12,336700.0,0.0,1.0,23.25,23.38,23.0,23.12,336700.0
1995-04-24,23.75,23.75,23.12,23.5,145000.0,0.0,1.0,23.75,23.75,23.12,23.5,145000.0
1995-04-21,23.5,23.88,23.5,23.75,235900.0,0.0,1.0,23.5,23.88,23.5,23.75,235900.0
1995-04-20,23.75,23.75,23.25,23.5,120500.0,0.0,1.0,23.75,23.75,23.25,23.5,120500.0
1995-04-19,23.62,23.75,23.5,23.75,120500.0,0.0,1.0,23.62,23.75,23.5,23.75,120500.0
1995-04-18,23.62,23.75,22.88,23.62,541000.0,0.0,1.0,23.62,23.75,22.88,23.62,541000.0
1995-04-17,24.12,24.25,23.25,23.25,375400.0,0.0,1.0,24.12,24.25,23.25,23.25,375400.0
1995-04-13,24.25,24.38,23.75,24.12,564100.0,0.0,1.0,24.25,24.38,23.75,24.12,564100.0
1995-04-12,25.5,25.5,24.0,24.25,422700.0,0.0,1.0,25.5,25.5,24.0,24.25,422700.0
1995-04-11,25.25,25.88,25.12,25.62,107700.0,0.0,1.0,25.25,25.88,25.12,25.62,107700.0
1995-04-10,25.38,25.5,25.12,25.38,107200.0,0.0,1.0,25.38,25.5,25.12,25.38,107200.0
1995-04-07,25.0,25.25,24.88,25.25,134300.0,0.0,1.0,25.0,25.25,24.88,25.25,134300.0
1995-04-06,24.88,25.25,24.62,25.0,166700.0,0.0,1.0,24.88,25.25,24.62,25.0,166700.0
1995-04-05,24.38,24.75,24.25,24.62,291600.0,0.0,1.0,24.38,24.75,24.25,24.62,291600.0
1995-04-04,24.75,24.75,24.25,24.38,151900.0,0.0,1.0,24.75,24.75,24.25,24.38,151900.0
1995-04-03,24.62,24.88,24.5,24.62,309900.0,0.0,1.0,24.62,24.88,24.5,24.62,309900.0
1995-03-31,24.25,25.0,24.0,24.88,112900.0,0.0,1.0,24.25,25.0,24.0,24.88,112900.0
1995-03-30,24.38,24.5,23.88,24.25,216600.0,0.0,1.0,24.38,24.5,23.88,24.25,216600.0
1995-03-29,24.12,24.62,24.12,24.38,167900.0,0.0,1.0,24.12,24.62,24.12,24.38,167900.0
1995-03-28,24.5,24.5,24.0,24.25,171700.0,0.0,1.0,24.5,24.5,24.0,24.25,171700.0
1995-03-27,23.75,24.25,23.62,24.25,841800.0,0.0,1.0,23.75,24.25,23.62,24.25,841800.0
1995-03-24,24.5,24.62,23.75,23.88,549900.0,0.0,1.0,24.5,24.62,23.75,23.88,549900.0
1995-03-23,24.5,24.75,24.5,24.62,200000.0,0.0,1.0,24.5,24.75,24.5,24.62,200000.0
1995-03-22,24.88,24.88,24.5,24.75,296300.0,0.0,1.0,24.88,24.88,24.5,24.75,296300.0
1995-03-21,25.0,25.25,24.88,25.12,201700.0,0.0,1.0,25.0,25.25,24.88,25.12,201700.0
1995-03-20,25.0,25.25,24.88,24.88,115800.0,0.0,1.0,25.0,25.25,24.88,24.88,115800.0
1995-03-17,25.12,25.25,24.88,25.12,235100.0,0.0,1.0,25.12,25.25,24.88,25.12,235100.0
1995-03-16,25.12,25.12,24.75,24.88,174500.0,0.0,1.0,25.12,25.12,24.75,24.88,174500.0
1995-03-15,25.5,25.5,24.75,25.0,195900.0,0.0,1.0,25.5,25.5,24.75,25.0,195900.0
1995-03-14,25.12,25.5,25.0,25.5,128600.0,0.0,1.0,25.12,25.5,25.0,25.5,128600.0
1995-03-13,25.12,25.88,25.12,25.12,170400.0,0.0,1.0,25.12,25.88,25.12,25.12,170400.0
1995-03-10,25.38,25.5,24.88,25.25,631300.0,0.0,1.0,25.38,25.5,24.88,25.25,631300.0
1995-03-09,25.5,25.5,25.25,25.38,68600.0,0.0,1.0,25.5,25.5,25.25,25.38,68600.0
1995-03-08,25.5,25.75,25.25,25.5,93600.0,0.0,1.0,25.5,25.75,25.25,25.5,93600.0
1995-03-07,25.75,26.0,25.38,25.5,376600.0,0.0,1.0,25.75,26.0,25.38,25.5,376600.0
1995-03-06,25.75,26.12,25.75,25.88,238100.0,0.0,1.0,25.75,26.12,25.75,25.88,238100.0
1995-03-03,25.0,26.12,24.88,26.12,465400.0,0.0,1.0,25.0,26.12,24.88,26.12,465400.0
1995-03-02,25.88,25.88,24.75,25.38,257400.0,0.0,1.0,25.88,25.88,24.75,25.38,257400.0
1995-03-01,26.12,26.12,25.38,25.88,205300.0,0.0,1.0,26.12,26.12,25.38,25.88,205300.0
1995-02-28,26.12,26.5,26.0,26.5,192200.0,0.0,1.0,26.12,26.5,26.0,26.5,192200.0
1995-02-27,26.38,26.38,26.12,26.25,115400.0,0.0,1.0,26.38,26.38,26.12,26.25,115400.0
1995-02-24,26.25,26.25,26.0,26.12,253200.0,0.0,1.0,26.25,26.25,26.0,26.12,253200.0
1995-02-23,26.12,26.5,25.75,26.25,177100.0,0.0,1.0,26.12,26.5,25.75,26.25,177100.0
1995-02-22,26.12,26.25,26.0,26.0,104700.0,0.0,1.0,26.12,26.25,26.0,26.0,104700.0
1995-02-21,26.25,26.25,25.88,26.25,131700.0,0.0,1.0,26.25,26.25,25.88,26.25,131700.0
1995-02-17,26.12,26.38,26.0,26.12,59500.0,0.0,1.0,26.12,26.38,26.0,26.12,59500.0
1995-02-16,26.12,26.38,26.0,26.12,63000.0,0.0,1.0,26.12,26.38,26.0,26.12,63000.0
1995-02-15,25.75,26.62,25.75,26.12,115700.0,0.0,1.0,25.75,26.62,25.75,26.12,115700.0
1995-02-14,25.75,25.88,25.62,25.75,413700.0,0.0,1.0,25.75,25.88,25.62,25.75,413700.0
1995-02-13,25.62,25.88,25.5,25.75,115000.0,0.0,1.0,25.62,25.88,25.5,25.75,115000.0
1995-02-10,25.25,25.5,25.25,25.38,110000.0,0.0,1.0,25.25,25.5,25.25,25.38,110000.0
1995-02-09,25.5,25.5,25.12,25.25,105400.0,0.0,1.0,25.5,25.5,25.12,25.25,105400.0
1995-02-08,25.75,25.75,25.38,25.5,170800.0,0.0,1.0,25.75,25.75,25.38,25.5,170800.0
1995-02-07,26.5,26.62,25.5,25.75,164800.0,0.0,1.0,26.5,26.62,25.5,25.75,164800.0
1995-02-06,26.62,26.62,26.25,26.38,138600.0,0.0,1.0,26.62,26.62,26.25,26.38,138600.0
1995-02-03,26.88,27.25,26.38,26.62,248800.0,0.0,1.0,26.88,27.25,26.38,26.62,248800.0
1995-02-02,26.88,27.25,26.62,26.75,399600.0,0.0,1.0,26.88,27.25,26.62,26.75,399600.0
1995-02-01,26.5,26.88,26.38,26.75,650400.0,0.0,1.0,26.5,26.88,26.38,26.75,650400.0
1995-01-31,26.38,26.5,25.88,26.38,219700.0,0.0,1.0,26.38,26.5,25.88,26.38,219700.0
1995-01-30,26.62,26.62,26.25,26.5,76300.0,0.0,1.0,26.62,26.62,26.25,26.5,76300.0
1995-01-27,26.5,26.5,26.0,26.38,68000.0,0.0,1.0,26.5,26.5,26.0,26.38,68000.0
1995-01-26,26.5,26.5,26.12,26.12,42000.0,0.0,1.0,26.5,26.5,26.12,26.12,42000.0
1995-01-25,26.62,26.75,26.25,26.5,70600.0,0.0,1.0,26.62,26.75,26.25,26.5,70600.0
1995-01-24,26.25,26.88,26.12,26.75,127000.0,0.0,1.0,26.25,26.88,26.12,26.75,127000.0
1995-01-23,26.12,26.38,25.75,26.38,104300.0,0.0,1.0,26.12,26.38,25.75,26.38,104300.0
1995-01-20,26.88,26.88,25.88,26.5,184800.0,0.0,1.0,26.88,26.88,25.88,26.5,184800.0
1995-01-19,26.88,27.25,26.75,26.88,255300.0,0.0,1.0,26.88,27.25,26.75,26.88,255300.0
1995-01-18,26.62,27.0,26.5,26.75,205000.0,0.0,1.0,26.62,27.0,26.5,26.75,205000.0
1995-01-17,26.12,26.75,26.0,26.62,184000.0,0.0,1.0,26.12,26.75,26.0,26.62,184000.0
1995-01-16,25.62,26.25,25.5,26.25,300000.0,0.0,1.0,25.62,26.25,25.5,26.25,300000.0
1995-01-13,25.0,25.62,24.62,25.5,179400.0,0.0,1.0,25.0,25.62,24.62,25.5,179400.0
1995-01-12,24.88,25.0,24.62,24.62,159500.0,0.0,1.0,24.88,25.0,24.62,24.62,159500.0
1995-01-11,24.75,25.12,24.25,25.0,366500.0,0.0,1.0,24.75,25.12,24.25,25.0,366500.0
1995-01-10,23.5,23.62,23.12,23.5,437400.0,0.0,1.0,23.5,23.62,23.12,23.5,437400.0
1995-01-09,23.5,23.5,23.0,23.5,645300.0,0.0,1.0,23.5,23.5,23.0,23.5,645300.0
1995-01-06,23.38,23.62,23.25,23.5,223400.0,0.0,1.0,23.38,23.62,23.25,23.5,223400.0
1995-01-05,23.62,23.62,23.25,23.38,344000.0,0.0,1.0,23.62,23.62,23.25,23.38,344000.0
1995-01-04,23.75,23.75,23.25,23.5,239000.0,0.0,1.0,23.75,23.75,23.25,23.5,239000.0
1995-01-03,24.12,24.25,23.38,23.75,267500.0,0.0,1.0,24.12,24.25,23.38,23.75,267500.0
1994-12-30,23.88,24.25,23.12,24.25,258700.0,0.0,1.0,23.88,24.25,23.12,24.25,258700.0
1994-12-29,24.25,24.25,23.75,23.88,140600.0,0.0,1.0,24.25,24.25,23.75,23.88,140600.0
1994-12-28,24.75,24.75,23.75,24.25,131100.0,0.0,1.0,24.75,24.75,23.75,24.25,131100.0
1994-12-27,24.12,24.75,24.12,24.75,55500.0,0.0,1.0,24.12,24.75,24.12,24.75,55500.0
1994-12-23,24.0,24.25,24.0,24.25,279700.0,0.0,1.0,24.0,24.25,24.0,24.25,279700.0
1994-12-22,24.0,24.0,23.75,23.88,368500.0,0.0,1.0,24.0,24.0,23.75,23.88,368500.0
1994-12-21,24.38,24.38,23.88,24.0,221900.0,0.0,1.0,24.38,24.38,23.88,24.0,221900.0
1994-12-20,24.5,24.5,23.75,24.25,178400.0,0.0,1.0,24.5,24.5,23.75,24.25,178400.0
1994-12-19,24.5,24.5,24.38,24.5,87800.0,0.0,1.0,24.5,24.5,24.38,24.5,87800.0
1994-12-16,24.62,24.62,24.25,24.5,264200.0,0.0,1.0,24.62,24.62,24.25,24.5,264200.0
1994-12-15,24.62,25.0,24.5,24.62,261400.0,0.0,1.0,24.62,25.0,24.5,24.62,261400.0
1994-12-14,24.75,24.75,24.5,24.75,368500.0,0.0,1.0,24.75,24.75,24.5,24.75,368500.0
1994-12-13,24.5,24.75,24.25,24.38,202600.0,0.0,1.0,24.5,24.75,24.25,24.38,202600.0
1994-12-12,24.75,24.88,24.25,24.38,435800.0,0.0,1.0,24.75,24.88,24.25,24.38,435800.0
1994-12-09,24.75,24.75,23.5,24.75,703600.0,0.0,1.0,24.75,24.75,23.5,24.75,703600.0
1994-12-08,26.62,26.62,24.75,24.75,608200.0,0.0,1.0,26.62,26.62,24.75,24.75,608200.0
1994-12-07,26.75,26.88,26.25,26.75,505000.0,0.0,1.0,26.75,26.88,26.25,26.75,505000.0
1994-12-06,25.62,27.0,25.62,26.75,602200.0,0.0,1.0,25.62,27.0,25.62,26.75,602200.0
1994-12-05,25.5,25.88,25.38,25.62,130600.0,0.0,1.0,25.5,25.88,25.38,25.62,130600.0
1994-12-02,25.75,25.88,25.62,25.62,110500.0,0.0,1.0,25.75,25.88,25.62,25.62,110500.0
1994-12-01,25.5,26.25,25.38,25.88,181100.0,0.0,1.0,25.5,26.25,25.38,25.88,181100.0
1994-11-30,25.12,25.88,25.12,25.62,173000.0,0.0,1.0,25.12,25.88,25.12,25.62,173000.0
1994-11-29,24.88,25.38,24.88,25.38,199500.0,0.0,1.0,24.88,25.38,24.88,25.38,199500.0
1994-11-28,24.12,25.0,24.12,24.88,272400.0,0.0,1.0,24.12,25.0,24.12,24.88,272400.0
1994-11-25,24.38,24.5,24.25,24.25,97100.0,0.0,1.0,24.38,24.5,24.25,24.25,97100.0
1994-11-23,25.0,25.0,23.88,24.0,276600.0,0.0,1.0,25.0,25.0,23.88,24.0,276600.0
1994-11-22,25.88,25.88,25.0,25.0,128400.0,0.0,1.0,25.88,25.88,25.0,25.0,128400.0
1994-11-21,26.62,26.88,25.88,25.88,179600.0,0.0,1.0,26.62,26.88,25.88,25.88,179600.0
1994-11-18,26.88,26.88,26.12,26.12,315700.0,0.0,1.0,26.88,26.88,26.12,26.12,315700.0
1994-11-17,26.12,27.0,26.12,27.0,506700.0,0.0,1.0,26.12,27.0,26.12,27.0,506700.0
1994-11-16,25.62,26.12,25.62,26.12,560400.0,0.0,1.0,25.62,26.12,25.62,26.12,560400.0
1994-11-15,25.38,26.25,25.38,25.75,444900.0,0.0,1.0,25.38,26.25,25.38,25.75,444900.0
1994-11-14,24.88,25.25,24.88,25.12,55200.0,0.0,1.0,24.88,25.25,24.88,25.12,55200.0
1994-11-11,25.25,25.25,24.62,24.75,130100.0,0.0,1.0,25.25,25.25,24.62,24.75,130100.0
1994-11-10,25.0,25.38,25.0,25.12,177300.0,0.0,1.0,25.0,25.38,25.0,25.12,177300.0
1994-11-09,25.0,25.5,24.75,25.25,209000.0,0.0,1.0,25.0,25.5,24.75,25.25,209000.0
1994-11-08,24.5,25.12,24.5,25.0,701800.0,0.0,1.0,24.5,25.12,24.5,25.0,701800.0
1994-11-07,24.25,24.75,23.88,24.38,382400.0,0.0,1.0,24.25,24.75,23.88,24.38,382400.0
1994-11-04,24.12,24.25,23.88,24.25,204700.0,0.0,1.0,24.12,24.25,23.88,24.25,204700.0
1994-11-03,24.0,24.12,23.75,23.88,318400.0,0.0,1.0,24.0,24.12,23.75,23.88,318400.0
1994-11-02,23.75,24.12,23.62,24.0,161100.0,0.0,1.0,23.75,24.12,23.62,24.0,161100.0
1994-11-01,24.25,24.25,23.62,23.75,280300.0,0.0,1.0,24.25,24.25,23.62,23.75,280300.0
1994-10-31,24.5,24.75,24.0,24.0,331700.0,0.0,1.0,24.5,24.75,24.0,24.0,331700.0
1994-10-28,25.0,25.25,24.25,24.88,616900.0,0.0,1.0,25.0,25.25,24.25,24.88,616900.0
1994-10-27,24.88,25.12,24.88,25.12,356700.0,0.0,1.0,24.88,25.12,24.88,25.12,356700.0
1994-10-26,25.38,25.5,24.75,24.88,455100.0,0.0,1.0,25.38,25.5,24.75,24.88,455100.0
1994-10-25,25.38,25.5,24.88,25.5,305100.0,0.0,1.0,25.38,25.5,24.88,25.5,305100.0
1994-10-24,24.75,25.75,24.75,25.38,410500.0,0.0,1.0,24.75,25.75,24.75,25.38,410500.0
1994-10-21,24.75,25.0,24.62,24.88,147300.0,0.0,1.0,24.75,25.0,24.62,24.88,147300.0
1994-10-20,25.62,25.62,24.88,25.0,133100.0,0.0,1.0,25.62,25.62,24.88,25.0,133100.0
1994-10-19,25.25,25.62,24.88,25.5,156100.0,0.0,1.0,25.25,25.62,24.88,25.5,156100.0
1994-10-18,25.38,25.5,25.12,25.25,197500.0,0.0,1.0,25.38,25.5,25.12,25.25,197500.0
1994-10-17,24.62,25.5,24.62,25.25,259600.0,0.0,1.0,24.62,25.5,24.62,25.25,259600.0
1994-10-14,24.62,24.88,24.38,24.88,158000.0,0.0,1.0,24.62,24.88,24.38,24.88,158000.0
1994-10-13,25.0,25.38,25.0,25.0,299100.0,0.0,1.0,25.0,25.38,25.0,25.0,299100.0
1994-10-12,24.25,24.75,24.12,24.62,450100.0,0.0,1.0,24.25,24.75,24.12,24.62,450100.0
1994-10-11,23.5,24.0,23.5,23.88,394900.0,0.0,1.0,23.5,24.0,23.5,23.88,394900.0
1994-10-10,22.88,23.38,22.88,23.25,332000.0,0.0,1.0,22.88,23.38,22.88,23.25,332000.0
1994-10-07,21.88,22.88,21.75,22.62,359300.0,0.0,1.0,21.88,22.88,21.75,22.62,359300.0
1994-10-06,22.12,22.12,21.75,21.75,532000.0,0.0,1.0,22.12,22.12,21.75,21.75,532000.0
1994-10-05,22.12,22.12,21.62,21.75,589600.0,0.0,1.0,22.12,22.12,21.62,21.75,589600.0
1994-10-04,22.62,22.75,22.12,22.12,1100300.0,0.0,1.0,22.62,22.75,22.12,22.12,1100300.0
1994-10-03,23.0,23.0,22.5,22.62,603500.0,0.0,1.0,23.0,23.0,22.5,22.62,603500.0
1994-09-30,22.75,23.0,22.38,22.88,378700.0,0.0,1.0,22.75,23.0,22.38,22.88,378700.0
1994-09-29,22.88,22.88,22.25,22.62,671100.0,0.0,1.0,22.88,22.88,22.25,22.62,671100.0
1994-09-28,23.38,23.5,22.88,23.0,775000.0,0.0,1.0,23.38,23.5,22.88,23.0,775000.0
1994-09-27,23.5,23.5,23.12,23.38,76000.0,0.0,1.0,23.5,23.5,23.12,23.38,76000.0
1994-09-26,23.62,23.62,23.12,23.5,166000.0,0.0,1.0,23.62,23.62,23.12,23.5,166000.0
1994-09-23,24.0,24.25,23.5,23.62,604500.0,0.0,1.0,24.0,24.25,23.5,23.62,604500.0
1994-09-22,23.5,23.88,23.25,23.62,253900.0,0.0,1.0,23.5,23.88,23.25,23.62,253900.0
1994-09-21,24.5,24.62,23.25,23.62,466800.0,0.0,1.0,24.5,24.62,23.25,23.62,466800.0
1994-09-20,24.88,24.88,24.12,24.25,158300.0,0.0,1.0,24.88,24.88,24.12,24.25,158300.0
1994-09-19,24.38,24.88,24.38,24.88,585900.0,0.0,1.0,24.38,24.88,24.38,24.88,585900.0
1994-09-16,24.0,24.38,23.25,24.25,458100.0,0.0,1.0,24.0,24.38,23.25,24.25,458100.0
1994-09-15,23.38,24.25,23.38,23.88,291000.0,0.0,1.0,23.38,24.25,23.38,23.88,291000.0
1994-09-14,23.0,23.62,23.0,23.38,1193500.0,0.0,1.0,23.0,23.62,23.0,23.38,1193500.0
1994-09-13,23.88,24.0,22.0,22.5,532600.0,0.0,1.0,23.88,24.0,22.0,22.5,532600.0
1994-09-12,24.5,24.5,23.38,23.38,291500.0,0.0,1.0,24.5,24.5,23.38,23.38,291500.0
1994-09-09,24.75,25.0,24.62,24.62,135400.0,0.0,1.0,24.75,25.0,24.62,24.62,135400.0
1994-09-08,25.25,25.25,24.88,25.0,172100.0,0.0,1.0,25.25,25.25,24.88,25.0,172100.0
1994-09-07,26.0,26.0,25.25,25.25,477800.0,0.0,1.0,26.0,26.0,25.25,25.25,477800.0
1994-09-06,25.38,25.38,25.0,25.25,124700.0,0.0,1.0,25.38,25.38,25.0,25.25,124700.0
1994-09-02,24.5,25.0,24.25,25.0,257100.0,0.0,1.0,24.5,25.0,24.25,25.0,257100.0
1994-09-01,24.62,25.12,24.12,24.5,618300.0,0.0,1.0,24.62,25.12,24.12,24.5,618300.0
1994-08-31,25.38,25.38,24.75,24.88,411900.0,0.0,1.0,25.38,25.38,24.75,24.88,411900.0
1994-08-30,23.62,25.62,23.62,25.62,490600.0,0.0,1.0,23.62,25.62,23.62,25.62,490600.0
1994-08-29,24.0,24.12,23.75,24.0,397700.0,0.0,1.0,24.0,24.12,23.75,24.0,397700.0
1994-08-26,23.38,24.12,23.38,24.0,304700.0,0.0,1.0,23.38,24.12,23.38,24.0,304700.0
1994-08-25,23.25,23.38,23.0,23.25,982800.0,0.0,1.0,23.25,23.38,23.0,23.25,982800.0
1994-08-24,23.38,23.5,22.75,23.25,305000.0,0.0,1.0,23.38,23.5,22.75,23.25,305000.0
1994-08-23,23.75,23.88,23.5,23.62,77600.0,0.0,1.0,23.75,23.88,23.5,23.62,77600.0
1994-08-22,24.5,24.5,23.25,23.62,284600.0,0.0,1.0,24.5,24.5,23.25,23.62,284600.0
1994-08-19,23.75,24.5,23.5,24.5,378500.0,0.0,1.0,23.75,24.5,23.5,24.5,378500.0
1994-08-18,22.75,23.75,22.62,23.5,411800.0,0.0,1.0,22.75,23.75,22.62,23.5,411800.0
1994-08-17,23.12,23.25,22.75,22.75,276800.0,0.0,1.0,23.12,23.25,22.75,22.75,276800.0
1994-08-16,22.5,22.88,22.38,22.88,195200.0,0.0,1.0,22.5,22.88,22.38,22.88,195200.0
1994-08-15,22.62,22.75,22.12,22.25,850200.0,0.0,1.0,22.62,22.75,22.12,22.25,850200.0
1994-08-12,23.0,23.12,22.38,22.75,296300.0,0.0,1.0,23.0,23.12,22.38,22.75,296300.0
1994-08-11,23.0,23.25,22.75,23.0,229800.0,0.0,1.0,23.0,23.25,22.75,23.0,229800.0
1994-08-10,23.25,23.25,22.75,23.0,82000.0,0.0,1.0,23.25,23.25,22.75,23.0,82000.0
1994-08-09,22.62,23.25,22.62,23.0,148400.0,0.0,1.0,22.62,23.25,22.62,23.0,148400.0
1994-08-08,23.75,23.75,22.75,22.75,83100.0,0.0,1.0,23.75,23.75,22.75,22.75,83100.0
1994-08-05,23.0,23.62,22.62,23.5,184700.0,0.0,1.0,23.0,23.62,22.62,23.5,184700.0
1994-08-04,23.62,23.88,22.88,23.0,145600.0,0.0,1.0,23.62,23.88,22.88,23.0,145600.0
1994-08-03,23.62,24.12,23.5,23.5,83400.0,0.0,1.0,23.62,24.12,23.5,23.5,83400.0
1994-08-02,24.38,24.38,23.75,23.75,118200.0,0.0,1.0,24.38,24.38,23.75,23.75,118200.0
1994-08-01,23.75,24.38,23.75,24.12,291900.0,0.0,1.0,23.75,24.38,23.75,24.12,291900.0
1994-07-29,22.75,24.5,22.62,24.0,390300.0,0.0,1.0,22.75,24.5,22.62,24.0,390300.0
1994-07-28,22.62,23.0,22.62,22.62,146100.0,0.0,1.0,22.62,23.0,22.62,22.62,146100.0
1994-07-27,23.12,23.25,22.62,23.0,411100.0,0.0,1.0,23.12,23.25,22.62,23.0,411100.0
1994-07-26,23.62,23.75,23.12,23.25,308600.0,0.0,1.0,23.62,23.75,23.12,23.25,308600.0
1994-07-25,23.12,23.75,23.12,23.5,211400.0,0.0,1.0,23.12,23.75,23.12,23.5,211400.0
1994-07-22,23.38,23.38,23.12,23.25,244800.0,0.0,1.0,23.38,23.38,23.12,23.25,244800.0
1994-07-21,23.5,23.62,23.12,23.38,142200.0,0.0,1.0,23.5,23.62,23.12,23.38,142200.0
1994-07-20,23.88,24.0,23.5,23.5,391700.0,0.0,1.0,23.88,24.0,23.5,23.5,391700.0
1994-07-19,23.5,24.38,23.5,23.88,183300.0,0.0,1.0,23.5,24.38,23.5,23.88,183300.0
1994-07-18,23.62,23.75,23.0,23.62,457100.0,0.0,1.0,23.62,23.75,23.0,23.62,457100.0
1994-07-15,24.12,24.12,23.5,23.5,331800.0,0.0,1.0,24.12,24.12,23.5,23.5,331800.0
1994-07-14,23.75,25.0,23.75,24.12,526100.0,0.0,1.0,23.75,25.0,23.75,24.12,526100.0
1994-07-13,23.88,24.0,23.62,23.75,343600.0,0.0,1.0,23.88,24.0,23.62,23.75,343600.0
1994-07-12,24.0,24.25,23.38,24.12,401900.0,0.0,1.0,24.0,24.25,23.38,24.12,401900.0
1994-07-11,23.75,24.0,23.5,24.0,307400.0,0.0,1.0,23.75,24.0,23.5,24.0,307400.0
1994-07-08,24.5,24.88,23.75,23.75,1953600.0,0.0,1.0,24.5,24.88,23.75,23.75,1953600.0
1994-07-07,24.88,24.88,24.38,24.5,857300.0,0.0,1.0,24.88,24.88,24.38,24.5,857300.0
1994-07-06,24.62,25.62,24.62,25.12,390100.0,0.0,1.0,24.62,25.62,24.62,25.12,390100.0
1994-07-05,25.12,25.62,24.75,24.75,81800.0,0.0,1.0,25.12,25.62,24.75,24.75,81800.0
1994-07-01,24.12,25.5,24.0,25.5,161900.0,0.0,1.0,24.12,25.5,24.0,25.5,161900.0
1994-06-30,25.38,25.38,24.38,24.38,220200.0,0.0,1.0,25.38,25.38,24.38,24.38,220200.0
1994-06-29,24.75,25.75,24.75,25.25,227600.0,0.0,1.0,24.75,25.75,24.75,25.25,227600.0
1994-06-28,24.38,25.0,24.25,25.0,299600.0,0.0,1.0,24.38,25.0,24.25,25.0,299600.0
1994-06-27,23.75,24.0,23.12,23.88,638100.0,0.0,1.0,23.75,24.0,23.12,23.88,638100.0
1994-06-24,25.12,25.25,23.38,23.75,199600.0,0.0,1.0,25.12,25.25,23.38,23.75,199600.0
1994-06-23,25.62,25.88,25.25,25.38,252100.0,0.0,1.0,25.62,25.88,25.25,25.38,252100.0
1994-06-22,25.62,25.75,25.5,25.62,157700.0,0.0,1.0,25.62,25.75,25.5,25.62,157700.0
1994-06-21,25.75,25.75,25.0,25.5,212800.0,0.0,1.0,25.75,25.75,25.0,25.5,212800.0
1994-06-20,26.88,26.88,25.62,25.75,283800.0,0.0,1.0,26.88,26.88,25.62,25.75,283800.0
1994-06-17,27.75,27.75,26.88,26.88,128600.0,0.0,1.0,27.75,27.75,26.88,26.88,128600.0
1994-06-16,28.0,28.25,27.75,27.75,109200.0,0.0,1.0,28.0,28.25,27.75,27.75,109200.0
1994-06-15,27.88,28.38,27.88,28.0,153300.0,0.0,1.0,27.88,28.38,27.88,28.0,153300.0
1994-06-14,28.0,29.0,27.88,28.25,151000.0,0.0,1.0,28.0,29.0,27.88,28.25,151000.0
1994-06-13,27.62,28.25,27.62,27.88,197200.0,0.0,1.0,27.62,28.25,27.62,27.88,197200.0
1994-06-10,27.75,28.25,27.75,27.88,65400.0,0.0,1.0,27.75,28.25,27.75,27.88,65400.0
1994-06-09,27.5,27.75,27.25,27.75,53300.0,0.0,1.0,27.5,27.75,27.25,27.75,53300.0
1994-06-08,27.5,27.5,27.25,27.38,208000.0,0.0,1.0,27.5,27.5,27.25,27.38,208000.0
1994-06-07,27.38,27.5,27.25,27.5,728600.0,0.0,1.0,27.38,27.5,27.25,27.5,728600.0
1994-06-06,27.38,27.62,27.25,27.38,304300.0,0.0,1.0,27.38,27.62,27.25,27.38,304300.0
1994-06-03,27.25,27.75,27.12,27.62,251400.0,0.0,1.0,27.25,27.75,27.12,27.62,251400.0
1994-06-02,27.88,28.0,27.25,27.25,352700.0,0.0,1.0,27.88,28.0,27.25,27.25,352700.0
1994-06-01,26.88,28.0,26.88,27.88,302100.0,0.0,1.0,26.88,28.0,26.88,27.88,302100.0
1994-05-31,27.38,27.62,26.88,27.25,152600.0,0.0,1.0,27.38,27.62,26.88,27.25,152600.0
1994-05-27,26.88,27.38,26.88,27.25,229500.0,0.0,1.0,26.88,27.38,26.88,27.25,229500.0
1994-05-26,26.75,27.12,26.75,27.0,126100.0,0.0,1.0,26.75,27.12,26.75,27.0,126100.0
1994-05-25,27.12,27.38,26.5,26.88,147800.0,0.0,1.0,27.12,27.38,26.5,26.88,147800.0
1994-05-24,26.75,27.62,26.75,27.12,453900.0,0.0,1.0,26.75,27.62,26.75,27.12,453900.0
1994-05-23,26.38,26.5,25.62,26.5,183100.0,0.0,1.0,26.38,26.5,25.62,26.5,183100.0
1994-05-20,26.12,26.25,25.75,26.25,281900.0,0.0,1.0,26.12,26.25,25.75,26.25,281900.0
1994-05-19,26.75,26.88,26.12,26.25,348100.0,0.0,1.0,26.75,26.88,26.12,26.25,348100.0
1994-05-18,26.5,27.0,25.75,27.0,425700.0,0.0,1.0,26.5,27.0,25.75,27.0,425700.0
1994-05-17,26.75,26.75,26.25,26.5,371300.0,0.0,1.0,26.75,26.75,26.25,26.5,371300.0
1994-05-16,26.88,27.0,26.5,26.75,261600.0,0.0,1.0,26.88,27.0,26.5,26.75,261600.0
1994-05-13,27.88,27.88,26.75,27.0,279800.0,0.0,1.0,27.88,27.88,26.75,27.0,279800.0
1994-05-12,27.38,28.25,27.0,27.88,200200.0,0.0,1.0,27.38,28.25,27.0,27.88,200200.0
1994-05-11,27.25,27.38,26.75,27.38,390300.0,0.0,1.0,27.25,27.38,26.75,27.38,390300.0
1994-05-10,28.12,28.38,27.0,27.5,353300.0,0.0,1.0,28.12,28.38,27.0,27.5,353300.0
1994-05-09,28.62,29.0,28.25,28.25,106900.0,0.0,1.0,28.62,29.0,28.25,28.25,106900.0
1994-05-06,29.0,29.12,28.38,28.75,138900.0,0.0,1.0,29.0,29.12,28.38,28.75,138900.0
1994-05-05,29.5,29.5,29.25,29.25,308800.0,0.0,1.0,29.5,29.5,29.25,29.25,308800.0
1994-05-04,29.5,29.62,28.62,29.5,154300.0,0.0,1.0,29.5,29.62,28.62,29.5,154300.0
1994-05-03,30.0,30.62,29.12,29.62,289000.0,0.0,1.0,30.0,30.62,29.12,29.62,289000.0
1994-05-02,28.5,30.25,28.5,30.25,491500.0,0.0,1.0,28.5,30.25,28.5,30.25,491500.0
1994-04-29,26.75,29.0,26.75,29.0,326400.0,0.0,1.0,26.75,29.0,26.75,29.0,326400.0
1994-04-28,27.25,27.62,26.75,26.88,1301200.0,0.0,1.0,27.25,27.62,26.75,26.88,1301200.0
1994-04-26,27.12,27.38,27.0,27.0,388000.0,0.0,1.0,27.12,27.38,27.0,27.0,388000.0
1994-04-25,27.25,27.38,27.0,27.0,211200.0,0.0,1.0,27.25,27.38,27.0,27.0,211200.0
1994-04-22,27.25,27.38,27.0,27.25,277100.0,0.0,1.0,27.25,27.38,27.0,27.25,277100.0
1994-04-21,26.5,27.38,26.38,27.12,695000.0,0.0,2.0,26.5,27.38,26.38,27.12,695000.0
1994-04-20,51.75,52.5,51.75,52.5,217500.0,0.0,1.0,25.875,26.25,25.875,26.25,435000.0
1994-04-19,52.12,52.12,50.25,51.5,434900.0,0.0,1.0,26.06,26.06,25.125,25.75,869800.0
1994-04-18,54.0,54.0,52.25,52.5,441100.0,0.0,1.0,27.0,27.0,26.125,26.25,882200.0
1994-04-15,54.12,54.75,54.12,54.75,102100.0,0.0,1.0,27.06,27.375,27.06,27.375,204200.0
1994-04-14,54.0,54.38,53.88,54.12,89500.0,0.0,1.0,27.0,27.19,26.94,27.06,179000.0
1994-04-13,54.5,54.62,54.0,54.25,35500.0,0.0,1.0,27.25,27.31,27.0,27.125,71000.0
1994-04-12,54.75,54.75,54.0,54.62,93000.0,0.0,1.0,27.375,27.375,27.0,27.31,186000.0
1994-04-11,55.0,55.0,54.5,54.75,52500.0,0.0,1.0,27.5,27.5,27.25,27.375,105000.0
1994-04-08,55.25,55.25,54.75,55.0,76100.0,0.0,1.0,27.625,27.625,27.375,27.5,152200.0
1994-04-07,55.12,55.38,54.88,55.25,45700.0,0.0,1.0,27.56,27.69,27.44,27.625,91400.0
1994-04-06,55.88,55.88,54.88,54.88,148700.0,0.0,1.0,27.94,27.94,27.44,27.44,297400.0
1994-04-05,54.0,55.75,54.0,55.75,239800.0,0.0,1.0,27.0,27.875,27.0,27.875,479600.0
1994-04-04,54.0,54.0,52.75,53.12,300200.0,0.0,1.0,27.0,27.0,26.375,26.56,600400.0
1994-03-31,54.88,54.88,53.38,54.25,166200.0,0.0,1.0,27.44,27.44,26.69,27.125,332400.0
1994-03-30,55.75,55.75,54.62,54.75,257500.0,0.0,1.0,27.875,27.875,27.31,27.375,515000.0
1994-03-29,56.75,56.75,55.88,56.0,119000.0,0.0,1.0,28.375,28.375,27.94,28.0,238000.0
1994-03-28,57.25,57.5,56.62,56.75,122200.0,0.0,1.0,28.625,28.75,28.31,28.375,244400.0
1994-03-25,56.75,57.5,56.75,57.25,326100.0,0.0,1.0,28.375,28.75,28.375,28.625,652200.0
1994-03-24,57.88,57.88,57.12,57.25,53400.0,0.0,1.0,28.94,28.94,28.56,28.625,106800.0
1994-03-23,57.88,58.12,57.62,58.12,70900.0,0.0,1.0,28.94,29.06,28.81,29.06,141800.0
1994-03-22,57.62,58.12,57.5,57.88,117500.0,0.0,1.0,28.81,29.06,28.75,28.94,235000.0
1994-03-21,59.75,59.75,57.75,58.25,1429000.0,0.0,1.0,29.875,29.875,28.875,29.125,2858000.0
1994-03-18,60.25,60.38,59.38,59.62,244800.0,0.0,1.0,30.125,30.19,29.69,29.81,489600.0
1994-03-17,61.0,61.25,59.75,60.25,197200.0,0.0,1.0,30.5,30.625,29.875,30.125,394400.0
1994-03-16,60.75,61.5,58.75,61.5,291300.0,0.0,1.0,30.375,30.75,29.375,30.75,582600.0
1994-03-15,60.0,60.88,60.0,60.62,102500.0,0.0,1.0,30.0,30.44,30.0,30.31,205000.0
1994-03-14,58.62,60.0,58.62,60.0,106300.0,0.0,1.0,29.31,30.0,29.31,30.0,212600.0
1994-03-11,58.88,58.88,58.38,58.62,156300.0,0.0,1.0,29.44,29.44,29.19,29.31,312600.0
1994-03-10,59.25,59.62,59.0,59.0,31400.0,0.0,1.0,29.625,29.81,29.5,29.5,62800.0
1994-03-09,59.12,59.5,58.75,59.38,81600.0,0.0,1.0,29.56,29.75,29.375,29.69,163200.0
1994-03-08,59.5,59.62,58.5,58.88,57000.0,0.0,1.0,29.75,29.81,29.25,29.44,114000.0
1994-03-07,58.5,59.75,58.5,59.75,216700.0,0.0,1.0,29.25,29.875,29.25,29.875,433400.0
1994-03-04,56.25,58.5,56.25,57.75,233700.0,0.0,1.0,28.125,29.25,28.125,28.875,467400.0
1994-03-03,55.5,56.38,55.38,56.38,61100.0,0.0,1.0,27.75,28.19,27.69,28.19,122200.0
1994-03-02,55.62,55.88,55.25,55.62,248300.0,0.0,1.0,27.81,27.94,27.625,27.81,496600.0
1994-03-01,56.25,56.38,56.0,56.0,49800.0,0.0,1.0,28.125,28.19,28.0,28.0,99600.0
1994-02-28,56.25,56.75,56.25,56.5,116100.0,0.0,1.0,28.125,28.375,28.125,28.25,232200.0
1994-02-25,56.0,56.5,56.0,56.12,250500.0,0.0,1.0,28.0,28.25,28.0,28.06,501000.0
1994-02-24,55.38,56.12,55.12,55.88,220800.0,0.0,1.0,27.69,28.06,27.56,27.94,441600.0
1994-02-23,55.62,55.62,54.88,55.5,52100.0,0.0,1.0,27.81,27.81,27.44,27.75,104200.0
1994-02-22,55.0,55.88,54.12,55.88,101000.0,0.0,1.0,27.5,27.94,27.06,27.94,202000.0
1994-02-18,55.5,55.62,54.62,55.0,39700.0,0.0,1.0,27.75,27.81,27.31,27.5,79400.0
1994-02-17,55.5,56.25,55.25,55.25,58300.0,0.0,1.0,27.75,28.125,27.625,27.625,116600.0
1994-02-16,55.62,55.62,55.12,55.5,25700.0,0.0,1.0,27.81,27.81,27.56,27.75,51400.0
1994-02-15,55.75,56.25,55.5,55.75,59700.0,0.0,1.0,27.875,28.125,27.75,27.875,119400.0
1994-02-14,56.0,56.0,55.5,55.75,33100.0,0.0,1.0,28.0,28.0,27.75,27.875,66200.0
1994-02-11,56.12,56.12,55.62,56.0,26300.0,0.0,1.0,28.06,28.06,27.81,28.0,52600.0
1994-02-10,54.75,56.25,54.62,56.25,67300.0,0.0,1.0,27.375,28.125,27.31,28.125,134600.0
1994-02-09,55.5,55.5,54.38,54.75,83100.0,0.0,1.0,27.75,27.75,27.19,27.375,166200.0
1994-02-08,55.0,55.5,54.88,55.5,162200.0,0.0,1.0,27.5,27.75,27.44,27.75,324400.0
1994-02-07,54.25,55.25,54.12,54.88,77200.0,0.0,1.0,27.125,27.625,27.06,27.44,154400.0
1994-02-04,55.25,55.25,54.12,54.5,86500.0,0.0,1.0,27.625,27.625,27.06,27.25,173000.0
1994-02-03,56.12,56.25,55.38,55.5,126400.0,0.0,1.0,28.06,28.125,27.69,27.75,252800.0
1994-02-02,56.5,56.75,56.25,56.38,72900.0,0.0,1.0,28.25,28.375,28.125,28.19,145800.0
1994-02-01,56.5,56.75,56.38,56.75,103000.0,0.0,1.0,28.25,28.375,28.19,28.375,206000.0
1994-01-31,56.5,57.0,56.25,56.38,88000.0,0.0,1.0,28.25,28.5,28.125,28.19,176000.0
1994-01-28,56.38,56.62,56.0,56.25,78300.0,0.0,1.0,28.19,28.31,28.0,28.125,156600.0
1994-01-27,55.12,56.5,55.12,56.38,67500.0,0.0,1.0,27.56,28.25,27.56,28.19,135000.0
1994-01-26,54.75,55.38,54.75,55.12,48900.0,0.0,1.0,27.375,27.69,27.375,27.56,97800.0
1994-01-25,54.88,55.0,54.62,55.0,47200.0,0.0,1.0,27.44,27.5,27.31,27.5,94400.0
1994-01-24,54.75,55.12,54.38,54.5,56100.0,0.0,1.0,27.375,27.56,27.19,27.25,112200.0
1994-01-21,54.75,55.0,54.62,54.88,61600.0,0.0,1.0,27.375,27.5,27.31,27.44,123200.0
1994-01-20,55.0,55.0,54.62,54.75,52700.0,0.0,1.0,27.5,27.5,27.31,27.375,105400.0
1994-01-19,55.88,56.0,54.75,54.88,79300.0,0.0,1.0,27.94,28.0,27.375,27.44,158600.0
1994-01-18,55.25,55.88,55.0,55.88,124800.0,0.0,1.0,27.625,27.94,27.5,27.94,249600.0
1994-01-17,54.38,55.75,54.38,55.25,54200.0,0.0,1.0,27.19,27.875,27.19,27.625,108400.0
1994-01-14,54.12,54.62,54.0,54.62,78100.0,0.0,1.0,27.06,27.31,27.0,27.31,156200.0
1994-01-13,53.88,54.12,53.5,54.0,42900.0,0.0,1.0,26.94,27.06,26.75,27.0,85800.0
1994-01-12,54.38,54.38,53.38,53.88,147700.0,0.0,1.0,27.19,27.19,26.69,26.94,295400.0
1994-01-11,54.12,54.88,53.5,54.25,200800.0,0.0,1.0,27.06,27.44,26.75,27.125,401600.0
1994-01-10,54.75,54.75,54.25,54.5,434800.0,0.0,1.0,27.375,27.375,27.125,27.25,869600.0
1994-01-07,54.62,54.75,54.25,54.62,119000.0,0.0,1.0,27.31,27.375,27.125,27.31,238000.0
1994-01-06,54.5,54.62,54.0,54.5,54400.0,0.0,1.0,27.25,27.31,27.0,27.25,108800.0
1994-01-05,54.38,54.38,53.5,54.12,190900.0,0.0,1.0,27.19,27.19,26.75,27.06,381800.0
1994-01-04,56.25,56.25,54.62,54.62,167000.0,0.0,1.0,28.125,28.125,27.31,27.31,334000.0
1994-01-03,56.75,56.75,56.0,56.25,81800.0,0.0,1.0,28.375,28.375,28.0,28.125,163600.0
1993-12-31,55.25,57.25,55.0,57.25,134200.0,0.0,1.0,27.625,28.625,27.5,28.625,268400.0
1993-12-30,55.0,55.25,54.62,55.25,260400.0,0.0,1.0,27.5,27.625,27.31,27.625,520800.0
1993-12-29,54.5,55.0,54.12,54.75,70300.0,0.0,1.0,27.25,27.5,27.06,27.375,140600.0
1993-12-28,54.38,54.5,54.25,54.5,82100.0,0.0,1.0,27.19,27.25,27.125,27.25,164200.0
1993-12-27,54.12,54.38,53.5,54.12,99600.0,0.0,1.0,27.06,27.19,26.75,27.06,199200.0
1993-12-23,54.5,54.75,53.75,54.25,218100.0,0.0,1.0,27.25,27.375,26.875,27.125,436200.0
1993-12-22,55.88,55.88,54.88,54.88,131200.0,0.0,1.0,27.94,27.94,27.44,27.44,262400.0
1993-12-21,56.25,56.25,55.38,55.5,76500.0,0.0,1.0,28.125,28.125,27.69,27.75,153000.0
1993-12-20,55.0,56.0,55.0,55.88,180200.0,0.0,1.0,27.5,28.0,27.5,27.94,360400.0
1993-12-17,55.25,55.25,54.75,55.0,109400.0,0.0,1.0,27.625,27.625,27.375,27.5,218800.0
1993-12-16,55.38,55.75,55.0,55.25,87900.0,0.0,1.0,27.69,27.875,27.5,27.625,175800.0
1993-12-15,56.0,56.0,54.75,55.38,185200.0,0.0,1.0,28.0,28.0,27.375,27.69,370400.0
1993-12-14,57.0,57.25,55.88,56.12,86100.0,0.0,1.0,28.5,28.625,27.94,28.06,172200.0
1993-12-13,57.62,57.75,56.75,56.88,113800.0,0.0,1.0,28.81,28.875,28.375,28.44,227600.0
1993-12-10,58.12,58.38,57.75,58.0,69700.0,0.0,1.0,29.06,29.19,28.875,29.0,139400.0
1993-12-09,58.88,58.88,58.12,58.38,54900.0,0.0,1.0,29.44,29.44,29.06,29.19,109800.0
1993-12-08,58.88,59.0,58.25,58.88,54400.0,0.0,1.0,29.44,29.5,29.125,29.44,108800.0
1993-12-07,58.62,58.88,58.38,58.88,99200.0,0.0,1.0,29.31,29.44,29.19,29.44,198400.0
1993-12-06,58.0,58.88,57.62,58.38,113800.0,0.0,1.0,29.0,29.44,28.81,29.19,227600.0
1993-12-03,57.62,58.38,57.5,58.12,97000.0,0.0,1.0,28.81,29.19,28.75,29.06,194000.0
1993-12-02,57.5,58.5,56.75,57.0,150400.0,0.0,1.0,28.75,29.25,28.375,28.5,300800.0
1993-12-01,55.88,58.0,55.88,57.38,100300.0,0.0,1.0,27.94,29.0,27.94,28.69,200600.0
1993-11-30,55.38,55.62,55.0,55.62,56200.0,0.0,1.0,27.69,27.81,27.5,27.81,112400.0
1993-11-29,53.88,55.38,53.75,55.38,63100.0,0.0,1.0,26.94,27.69,26.875,27.69,126200.0
1993-11-26,54.25,54.25,53.75,53.75,8900.0,0.0,1.0,27.125,27.125,26.875,26.875,17800.0
1993-11-24,53.5,54.75,53.5,54.25,63100.0,0.0,1.0,26.75,27.375,26.75,27.125,126200.0
1993-11-23,53.0,53.5,52.0,53.5,133800.0,0.0,1.0,26.5,26.75,26.0,26.75,267600.0
1993-11-22,53.38,53.38,52.0,53.0,98800.0,0.0,1.0,26.69,26.69,26.0,26.5,197600.0
1993-11-19,53.62,53.75,53.12,53.5,56900.0,0.0,1.0,26.81,26.875,26.56,26.75,113800.0
1993-11-18,54.12,54.12,53.62,53.88,93800.0,0.0,1.0,27.06,27.06,26.81,26.94,187600.0
1993-11-17,54.75,55.38,54.0,54.12,243500.0,0.0,1.0,27.375,27.69,27.0,27.06,487000.0
1993-11-16,54.62,54.75,53.75,53.75,74800.0,0.0,1.0,27.31,27.375,26.875,26.875,149600.0
1993-11-15,55.38,55.5,54.38,54.5,62000.0,0.0,1.0,27.69,27.75,27.19,27.25,124000.0
1993-11-12,55.5,55.62,55.25,55.5,29500.0,0.0,1.0,27.75,27.81,27.625,27.75,59000.0
1993-11-11,55.12,55.88,54.75,55.5,74900.0,0.0,1.0,27.56,27.94,27.375,27.75,149800.0
1993-11-10,55.0,55.5,54.62,55.25,103400.0,0.0,1.0,27.5,27.75,27.31,27.625,206800.0
1993-11-09,53.88,54.5,53.75,54.25,136600.0,0.0,1.0,26.94,27.25,26.875,27.125,273200.0
1993-11-08,53.0,53.62,52.38,53.38,52900.0,0.0,1.0,26.5,26.81,26.19,26.69,105800.0
1993-11-05,52.5,53.0,50.75,53.0,161700.0,0.0,1.0,26.25,26.5,25.375,26.5,323400.0
1993-11-04,55.12,55.12,53.0,53.0,93700.0,0.0,1.0,27.56,27.56,26.5,26.5,187400.0
1993-11-03,54.88,55.12,54.5,55.12,122300.0,0.0,1.0,27.44,27.56,27.25,27.56,244600.0
1993-11-02,54.0,55.0,53.38,54.75,90000.0,0.0,1.0,27.0,27.5,26.69,27.375,180000.0
1993-11-01,52.62,54.25,52.5,54.25,89800.0,0.0,1.0,26.31,27.125,26.25,27.125,179600.0
1993-10-29,52.25,53.5,52.25,53.25,134300.0,0.0,1.0,26.125,26.75,26.125,26.625,268600.0
1993-10-28,51.88,52.88,51.25,52.38,85800.0,0.0,1.0,25.94,26.44,25.625,26.19,171600.0
1993-10-27,51.5,52.12,51.0,51.75,93100.0,0.0,1.0,25.75,26.06,25.5,25.875,186200.0
1993-10-26,50.25,51.5,50.0,51.25,82600.0,0.0,1.0,25.125,25.75,25.0,25.625,165200.0
1993-10-25,50.25,50.62,50.0,50.25,79800.0,0.0,1.0,25.125,25.31,25.0,25.125,159600.0
1993-10-22,50.12,50.88,49.75,50.5,148100.0,0.0,1.0,25.06,25.44,24.875,25.25,296200.0
1993-10-21,49.12,49.38,48.88,49.25,159700.0,0.0,1.0,24.56,24.69,24.44,24.625,319400.0
1993-10-20,49.62,49.62,48.25,49.12,420000.0,0.0,1.0,24.81,24.81,24.125,24.56,840000.0
1993-10-19,50.5,50.5,49.62,49.62,153400.0,0.0,1.0,25.25,25.25,24.81,24.81,306800.0
1993-10-18,51.38,51.38,50.62,50.75,27800.0,0.0,1.0,25.69,25.69,25.31,25.375,55600.0
1993-10-15,50.75,52.38,50.75,51.38,105000.0,0.0,1.0,25.375,26.19,25.375,25.69,210000.0
1993-10-14,50.5,51.12,50.12,51.0,135300.0,0.0,1.0,25.25,25.56,25.06,25.5,270600.0
1993-10-13,50.75,51.0,50.5,50.5,70600.0,0.0,1.0,25.375,25.5,25.25,25.25,141200.0
1993-10-12,50.75,50.88,50.12,50.25,35600.0,0.0,1.0,25.375,25.44,25.06,25.125,71200.0
1993-10-11,50.5,51.0,50.12,51.0,85600.0,0.0,1.0,25.25,25.5,25.06,25.5,171200.0
1993-10-08,49.75,50.25,49.25,50.25,127900.0,0.0,1.0,24.875,25.125,24.625,25.125,255800.0
1993-10-07,50.38,50.38,49.62,49.62,266300.0,0.0,1.0,25.19,25.19,24.81,24.81,532600.0
1993-10-06,50.75,50.88,50.25,50.38,100700.0,0.0,1.0,25.375,25.44,25.125,25.19,201400.0
1993-10-05,51.5,51.5,50.75,50.75,253800.0,0.0,1.0,25.75,25.75,25.375,25.375,507600.0
1993-10-04,49.62,51.38,49.38,51.0,554700.0,0.0,1.0,24.81,25.69,24.69,25.5,1109400.0
1993-10-01,49.38,50.38,49.38,49.62,2306500.0,0.0,1.0,24.69,25.19,24.69,24.81,4613000.0
1993-09-30,50.5,50.88,50.0,50.0,155600.0,0.0,1.0,25.25,25.44,25.0,25.0,311200.0
1993-09-29,51.75,51.75,50.38,51.25,144600.0,0.0,1.0,25.875,25.875,25.19,25.625,289200.0
1993-09-28,53.0,53.0,52.12,52.25,118000.0,0.0,1.0,26.5,26.5,26.06,26.125,236000.0
1993-09-27,51.88,53.0,51.25,53.0,153400.0,0.0,1.0,25.94,26.5,25.625,26.5,306800.0
1993-09-24,52.62,52.88,51.75,51.88,172400.0,0.0,1.0,26.31,26.44,25.875,25.94,344800.0
1993-09-23,54.0,54.0,53.5,53.88,39800.0,0.0,1.0,27.0,27.0,26.75,26.94,79600.0
1993-09-22,53.5,54.0,53.25,54.0,88200.0,0.0,1.0,26.75,27.0,26.625,27.0,176400.0
1993-09-21,54.5,54.88,53.12,53.25,116000.0,0.0,1.0,27.25,27.44,26.56,26.625,232000.0
1993-09-20,53.5,54.88,53.5,54.38,61200.0,0.0,1.0,26.75,27.44,26.75,27.19,122400.0
1993-09-17,53.5,54.0,53.0,53.75,57200.0,0.0,1.0,26.75,27.0,26.5,26.875,114400.0
1993-09-16,53.25,53.5,52.88,53.5,56600.0,0.0,1.0,26.625,26.75,26.44,26.75,113200.0
1993-09-15,53.62,53.62,52.75,53.25,101900.0,0.0,1.0,26.81,26.81,26.375,26.625,203800.0
1993-09-14,54.25,54.38,53.62,53.62,41500.0,0.0,1.0,27.125,27.19,26.81,26.81,83000.0
1993-09-13,54.12,54.38,53.88,54.38,25100.0,0.0,1.0,27.06,27.19,26.94,27.19,50200.0
1993-09-10,53.88,54.0,53.62,53.88,60000.0,0.0,1.0,26.94,27.0,26.81,26.94,120000.0
1993-09-09,53.0,54.0,52.88,53.75,111500.0,0.0,1.0,26.5,27.0,26.44,26.875,223000.0
1993-09-08,53.75,53.75,52.75,53.12,46900.0,0.0,1.0,26.875,26.875,26.375,26.56,93800.0
1993-09-07,54.0,54.62,53.88,54.0,42900.0,0.0,1.0,27.0,27.31,26.94,27.0,85800.0
1993-09-03,54.12,54.38,54.0,54.25,39000.0,0.0,1.0,27.06,27.19,27.0,27.125,78000.0
1993-09-02,54.75,55.25,54.12,54.25,63300.0,0.0,1.0,27.375,27.625,27.06,27.125,126600.0
1993-09-01,53.62,55.38,53.5,54.5,98100.0,0.0,1.0,26.81,27.69,26.75,27.25,196200.0
1993-08-31,53.38,54.0,53.12,53.62,50300.0,0.0,1.0,26.69,27.0,26.56,26.81,100600.0
1993-08-30,52.12,53.0,51.75,53.0,70800.0,0.0,1.0,26.06,26.5,25.875,26.5,141600.0
1993-08-27,53.5,53.5,52.0,52.25,337900.0,0.0,1.0,26.75,26.75,26.0,26.125,675800.0
1993-08-26,53.5,54.0,53.25,53.62,81100.0,0.0,1.0,26.75,27.0,26.625,26.81,162200.0
1993-08-25,55.0,55.0,53.12,53.62,164500.0,0.0,1.0,27.5,27.5,26.56,26.81,329000.0
1993-08-24,54.12,55.12,54.0,55.0,99700.0,0.0,1.0,27.06,27.56,27.0,27.5,199400.0
1993-08-23,53.5,54.75,53.12,54.38,84700.0,0.0,1.0,26.75,27.375,26.56,27.19,169400.0
1993-08-20,51.88,53.5,51.5,53.5,219100.0,0.0,1.0,25.94,26.75,25.75,26.75,438200.0
1993-08-19,51.12,51.62,49.62,51.62,235600.0,0.0,1.0,25.56,25.81,24.81,25.81,471200.0
1993-08-18,51.0,51.0,49.75,51.0,194400.0,0.0,1.0,25.5,25.5,24.875,25.5,388800.0
1993-08-17,50.75,51.75,50.38,51.5,113600.0,0.0,1.0,25.375,25.875,25.19,25.75,227200.0
1993-08-16,50.88,50.88,50.62,50.62,75000.0,0.0,1.0,25.44,25.44,25.31,25.31,150000.0
1993-08-13,51.0,51.0,50.25,50.75,139300.0,0.0,1.0,25.5,25.5,25.125,25.375,278600.0
1993-08-12,51.5,51.5,50.62,51.0,69100.0,0.0,1.0,25.75,25.75,25.31,25.5,138200.0
1993-08-11,50.25,51.0,49.88,51.0,154200.0,0.0,1.0,25.125,25.5,24.94,25.5,308400.0
1993-08-10,49.75,50.38,49.5,50.25,99100.0,0.0,1.0,24.875,25.19,24.75,25.125,198200.0
1993-08-09,48.62,49.5,48.62,49.25,64200.0,0.0,1.0,24.31,24.75,24.31,24.625,128400.0
1993-08-06,48.75,48.88,48.38,48.38,17100.0,0.0,1.0,24.375,24.44,24.19,24.19,34200.0
1993-08-05,48.25,49.0,48.0,49.0,43700.0,0.0,1.0,24.125,24.5,24.0,24.5,87400.0
1993-08-04,46.88,48.38,46.75,48.38,68300.0,0.0,1.0,23.44,24.19,23.375,24.19,136600.0
1993-08-03,47.0,47.0,46.5,46.88,87300.0,0.0,1.0,23.5,23.5,23.25,23.44,174600.0
1993-08-02,47.38,47.38,45.25,46.0,175800.0,0.0,1.0,23.69,23.69,22.625,23.0,351600.0
1993-07-30,47.75,47.75,47.0,47.38,49100.0,0.0,1.0,23.875,23.875,23.5,23.69,98200.0
1993-07-29,47.5,47.88,47.12,47.62,26400.0,0.0,1.0,23.75,23.94,23.56,23.81,52800.0
1993-07-28,47.5,47.75,47.25,47.5,14000.0,0.0,1.0,23.75,23.875,23.625,23.75,28000.0
1993-07-27,47.88,48.0,47.62,47.75,15200.0,0.0,1.0,23.94,24.0,23.81,23.875,30400.0
1993-07-26,47.5,47.88,47.25,47.88,17700.0,0.0,1.0,23.75,23.94,23.625,23.94,35400.0
1993-07-23,47.12,47.38,46.88,47.25,59100.0,0.0,1.0,23.56,23.69,23.44,23.625,118200.0
1993-07-22,48.25,48.25,47.0,47.0,66900.0,0.0,1.0,24.125,24.125,23.5,23.5,133800.0
1993-07-21,47.25,48.75,47.12,48.62,172200.0,0.0,1.0,23.625,24.375,23.56,24.31,344400.0
1993-07-20,46.75,47.62,46.38,47.38,52400.0,0.0,1.0,23.375,23.81,23.19,23.69,104800.0
1993-07-19,46.25,46.75,46.0,46.75,56000.0,0.0,1.0,23.125,23.375,23.0,23.375,112000.0
1993-07-16,47.12,47.25,46.25,46.38,21000.0,0.0,1.0,23.56,23.625,23.125,23.19,42000.0
1993-07-15,46.5,47.5,46.38,47.38,64100.0,0.0,1.0,23.25,23.75,23.19,23.69,128200.0
1993-07-14,46.38,46.38,46.0,46.25,137300.0,0.0,1.0,23.19,23.19,23.0,23.125,274600.0
1993-07-13,46.12,46.38,46.0,46.38,37000.0,0.0,1.0,23.06,23.19,23.0,23.19,74000.0
1993-07-12,46.5,46.5,46.0,46.12,32100.0,0.0,1.0,23.25,23.25,23.0,23.06,64200.0
1993-07-09,46.0,46.62,45.75,46.38,207900.0,0.0,1.0,23.0,23.31,22.875,23.19,415800.0
1993-07-08,47.12,47.12,45.75,45.75,80700.0,0.0,1.0,23.56,23.56,22.875,22.875,161400.0
1993-07-07,47.75,48.0,47.12,47.38,64700.0,0.0,1.0,23.875,24.0,23.56,23.69,129400.0
1993-07-06,47.88,47.88,47.25,47.88,54800.0,0.0,1.0,23.94,23.94,23.625,23.94,109600.0
1993-07-02,47.12,47.88,47.0,47.62,22500.0,0.0,1.0,23.56,23.94,23.5,23.81,45000.0
1993-07-01,46.88,47.75,46.62,47.38,65700.0,0.0,1.0,23.44,23.875,23.31,23.69,131400.0
1993-06-30,46.25,47.0,46.25,46.88,79900.0,0.0,1.0,23.125,23.5,23.125,23.44,159800.0
1993-06-29,46.0,46.38,45.5,46.0,117400.0,0.0,1.0,23.0,23.19,22.75,23.0,234800.0
1993-06-28,44.5,46.62,44.5,45.75,177200.0,0.0,1.0,22.25,23.31,22.25,22.875,354400.0
1993-06-25,43.62,44.38,43.5,44.38,58900.0,0.0,1.0,21.81,22.19,21.75,22.19,117800.0
1993-06-24,44.25,44.25,43.5,43.88,65000.0,0.0,1.0,22.125,22.125,21.75,21.94,130000.0
1993-06-23,45.12,45.38,44.25,44.25,56100.0,0.0,1.0,22.56,22.69,22.125,22.125,112200.0
1993-06-22,45.75,45.75,44.75,45.38,71200.0,0.0,1.0,22.875,22.875,22.375,22.69,142400.0
1993-06-21,44.88,45.12,44.88,45.0,39300.0,0.0,1.0,22.44,22.56,22.44,22.5,78600.0
1993-06-18,44.5,45.25,44.25,45.12,60900.0,0.0,1.0,22.25,22.625,22.125,22.56,121800.0
1993-06-17,44.62,44.75,44.12,44.25,43400.0,0.0,1.0,22.31,22.375,22.06,22.125,86800.0
1993-06-16,45.0,45.0,44.0,44.25,75400.0,0.0,1.0,22.5,22.5,22.0,22.125,150800.0
1993-06-15,46.38,46.38,44.62,44.75,99900.0,0.0,1.0,23.19,23.19,22.31,22.375,199800.0
1993-06-14,46.25,46.25,45.75,46.25,29800.0,0.0,1.0,23.125,23.125,22.875,23.125,59600.0
1993-06-11,46.5,46.62,46.12,46.38,75800.0,0.0,1.0,23.25,23.31,23.06,23.19,151600.0
1993-06-10,46.62,46.88,45.62,46.38,79700.0,0.0,1.0,23.31,23.44,22.81,23.19,159400.0
1993-06-09,44.88,46.62,44.62,46.38,123500.0,0.0,1.0,22.44,23.31,22.31,23.19,247000.0
1993-06-08,46.25,46.25,44.62,44.62,97800.0,0.0,1.0,23.125,23.125,22.31,22.31,195600.0
1993-06-07,48.38,48.38,47.0,47.0,45800.0,0.0,1.0,24.19,24.19,23.5,23.5,91600.0
1993-06-04,48.5,48.88,47.88,48.25,116400.0,0.0,1.0,24.25,24.44,23.94,24.125,232800.0
1993-06-03,48.38,49.12,48.12,48.62,150200.0,0.0,1.0,24.19,24.56,24.06,24.31,300400.0
1993-06-02,47.88,48.12,47.75,48.0,109100.0,0.0,1.0,23.94,24.06,23.875,24.0,218200.0
1993-06-01,47.25,48.0,47.12,48.0,108100.0,0.0,1.0,23.625,24.0,23.56,24.0,216200.0
1993-05-28,46.88,47.38,46.75,47.25,53000.0,0.0,1.0,23.44,23.69,23.375,23.625,106000.0
1993-05-27,47.12,47.38,46.62,47.12,78100.0,0.0,1.0,23.56,23.69,23.31,23.56,156200.0
1993-05-26,47.38,47.38,47.0,47.25,102400.0,0.0,1.0,23.69,23.69,23.5,23.625,204800.0
1993-05-25,45.88,47.25,45.75,46.88,95100.0,0.0,1.0,22.94,23.625,22.875,23.44,190200.0
1993-05-24,45.5,46.5,45.5,45.88,175200.0,0.0,1.0,22.75,23.25,22.75,22.94,350400.0
1993-05-21,45.12,45.88,45.0,45.62,222900.0,0.0,1.0,22.56,22.94,22.5,22.81,445800.0
1993-05-20,43.88,45.62,43.62,45.38,437800.0,0.0,1.0,21.94,22.81,21.81,22.69,875600.0
1993-05-19,42.25,43.88,41.88,43.25,123900.0,0.0,1.0,21.125,21.94,20.94,21.625,247800.0
1993-05-18,41.88,41.88,41.38,41.5,40700.0,0.0,1.0,20.94,20.94,20.69,20.75,81400.0
1993-05-17,42.12,42.25,41.75,41.88,35100.0,0.0,1.0,21.06,21.125,20.875,20.94,70200.0
1993-05-14,42.25,42.25,41.75,41.75,31200.0,0.0,1.0,21.125,21.125,20.875,20.875,62400.0
1993-05-13,42.75,43.0,41.75,42.0,114200.0,0.0,1.0,21.375,21.5,20.875,21.0,228400.0
1993-05-12,42.25,43.25,42.25,43.0,172500.0,0.0,1.0,21.125,21.625,21.125,21.5,345000.0
1993-05-11,41.75,42.38,41.25,42.38,166900.0,0.0,1.0,20.875,21.19,20.625,21.19,333800.0
1993-05-10,41.88,42.0,41.62,41.62,58200.0,0.0,1.0,20.94,21.0,20.81,20.81,116400.0
1993-05-07,41.88,42.12,41.5,41.75,34300.0,0.0,1.0,20.94,21.06,20.75,20.875,68600.0
1993-05-06,42.5,42.62,41.88,42.12,109600.0,0.0,1.0,21.25,21.31,20.94,21.06,219200.0
1993-05-05,41.25,42.5,41.12,42.5,193300.0,0.0,1.0,20.625,21.25,20.56,21.25,386600.0
1993-05-04,41.0,41.25,40.75,41.0,75600.0,0.0,1.0,20.5,20.625,20.375,20.5,151200.0
1993-05-03,38.88,41.38,38.88,41.25,154000.0,0.0,1.0,19.44,20.69,19.44,20.625,308000.0
1993-04-30,39.0,39.25,38.62,38.88,216200.0,0.0,1.0,19.5,19.625,19.31,19.44,432400.0
1993-04-29,39.12,39.25,39.0,39.12,203100.0,0.0,1.0,19.56,19.625,19.5,19.56,406200.0
1993-04-28,40.5,40.62,39.0,39.12,50400.0,0.0,1.0,20.25,20.31,19.5,19.56,100800.0
1993-04-27,39.75,40.25,39.5,40.0,207000.0,0.0,1.0,19.875,20.125,19.75,20.0,414000.0
1993-04-26,40.62,40.62,39.75,39.75,131000.0,0.0,1.0,20.31,20.31,19.875,19.875,262000.0
1993-04-23,40.88,40.88,39.62,40.62,149100.0,0.0,1.0,20.44,20.44,19.81,20.31,298200.0
1993-04-22,41.62,41.75,40.75,41.12,34100.0,0.0,1.0,20.81,20.875,20.375,20.56,68200.0
1993-04-21,42.0,42.0,41.0,41.5,104300.0,0.0,1.0,21.0,21.0,20.5,20.75,208600.0
1993-04-20,43.0,43.0,42.0,42.12,61400.0,0.0,1.0,21.5,21.5,21.0,21.06,122800.0
1993-04-19,43.12,43.25,42.38,42.62,59200.0,0.0,1.0,21.56,21.625,21.19,21.31,118400.0
1993-04-16,43.12,43.38,42.75,43.12,68000.0,0.0,1.0,21.56,21.69,21.375,21.56,136000.0
1993-04-15,42.25,43.0,42.12,42.88,85000.0,0.0,1.0,21.125,21.5,21.06,21.44,170000.0
1993-04-14,42.88,43.38,42.12,42.38,40400.0,0.0,1.0,21.44,21.69,21.06,21.19,80800.0
1993-04-13,42.12,43.75,42.0,43.0,162500.0,0.0,1.0,21.06,21.875,21.0,21.5,325000.0
1993-04-12,40.75,42.75,40.75,42.38,122100.0,0.0,1.0,20.375,21.375,20.375,21.19,244200.0
1993-04-08,40.88,41.0,40.12,40.38,220900.0,0.0,1.0,20.44,20.5,20.06,20.19,441800.0
1993-04-07,40.25,41.38,40.0,40.88,112500.0,0.0,1.0,20.125,20.69,20.0,20.44,225000.0
1993-04-06,41.38,41.5,40.0,40.12,183500.0,0.0,1.0,20.69,20.75,20.0,20.06,367000.0
1993-04-05,41.75,41.88,41.25,41.62,92800.0,0.0,1.0,20.875,20.94,20.625,20.81,185600.0
1993-04-02,43.38,43.38,40.88,41.5,75700.0,0.0,1.0,21.69,21.69,20.44,20.75,151400.0
1993-04-01,43.62,43.62,43.25,43.25,102100.0,0.0,1.0,21.81,21.81,21.625,21.625,204200.0
1993-03-31,43.62,43.75,43.5,43.62,115700.0,0.0,1.0,21.81,21.875,21.75,21.81,231400.0
1993-03-30,43.25,43.75,42.5,43.5,52900.0,0.0,1.0,21.625,21.875,21.25,21.75,105800.0
1993-03-29,43.5,43.75,42.88,43.25,66300.0,0.0,1.0,21.75,21.875,21.44,21.625,132600.0
1993-03-26,42.5,43.25,42.12,43.25,390000.0,0.0,1.0,21.25,21.625,21.06,21.625,780000.0
1993-03-25,43.38,43.5,42.38,42.5,341500.0,0.0,1.0,21.69,21.75,21.19,21.25,683000.0
1993-03-24,42.75,43.5,42.5,43.12,152500.0,0.0,1.0,21.375,21.75,21.25,21.56,305000.0
1993-03-23,42.5,42.75,42.0,42.5,72200.0,0.0,1.0,21.25,21.375,21.0,21.25,144400.0
1993-03-22,42.5,42.75,42.0,42.25,220600.0,0.0,1.0,21.25,21.375,21.0,21.125,441200.0
1993-03-19,41.75,42.88,41.5,42.75,110800.0,0.0,1.0,20.875,21.44,20.75,21.375,221600.0
1993-03-18,42.0,42.0,41.5,41.88,118900.0,0.0,1.0,21.0,21.0,20.75,20.94,237800.0
1993-03-17,41.62,42.88,41.62,42.0,124300.0,0.0,1.0,20.81,21.44,20.81,21.0,248600.0
1993-03-16,41.62,42.0,41.5,42.0,60700.0,0.0,1.0,20.81,21.0,20.75,21.0,121400.0
1993-03-15,41.75,41.88,41.5,41.75,25200.0,0.0,1.0,20.875,20.94,20.75,20.875,50400.0
1993-03-12,41.5,41.75,41.12,41.5,59800.0,0.0,1.0,20.75,20.875,20.56,20.75,119600.0
1993-03-11,41.62,41.88,41.38,41.62,157300.0,0.0,1.0,20.81,20.94,20.69,20.81,314600.0
1993-03-10,40.75,41.5,40.12,41.5,111200.0,0.0,1.0,20.375,20.75,20.06,20.75,222400.0
1993-03-09,40.0,40.88,39.88,40.75,74700.0,0.0,1.0,20.0,20.44,19.94,20.375,149400.0
1993-03-08,39.62,40.38,39.38,40.25,210900.0,0.0,1.0,19.81,20.19,19.69,20.125,421800.0
1993-03-05,40.12,40.12,39.38,39.5,142100.0,0.0,1.0,20.06,20.06,19.69,19.75,284200.0
1993-03-04,40.75,40.88,39.75,40.12,208900.0,0.0,1.0,20.375,20.44,19.875,20.06,417800.0
1993-03-03,39.5,40.5,39.25,40.5,214300.0,0.0,1.0,19.75,20.25,19.625,20.25,428600.0
1993-03-02,39.75,39.75,39.12,39.5,228300.0,0.0,1.0,19.875,19.875,19.56,19.75,456600.0
1993-03-01,38.75,40.0,38.5,39.5,381800.0,0.0,1.0,19.375,20.0,19.25,19.75,763600.0
1993-02-26,38.0,38.25,37.62,37.75,412500.0,0.0,1.0,19.0,19.125,18.81,18.875,825000.0
1993-02-25,36.5,37.75,36.5,37.75,236400.0,0.0,1.0,18.25,18.875,18.25,18.875,472800.0
1993-02-24,34.88,36.62,34.75,36.5,203100.0,0.0,1.0,17.44,18.31,17.375,18.25,406200.0
1993-02-23,35.75,35.75,34.5,35.0,105000.0,0.0,1.0,17.875,17.875,17.25,17.5,210000.0
1993-02-22,36.38,36.38,35.75,36.0,224300.0,0.0,1.0,18.19,18.19,17.875,18.0,448600.0
1993-02-19,35.88,37.0,35.88,36.62,105200.0,0.0,1.0,17.94,18.5,17.94,18.31,210400.0
1993-02-18,35.75,36.38,35.75,35.88,120500.0,0.0,1.0,17.875,18.19,17.875,17.94,241000.0
1993-02-17,35.12,35.62,34.75,35.5,73500.0,0.0,1.0,17.56,17.81,17.375,17.75,147000.0
1993-02-16,36.12,36.25,35.12,35.38,90300.0,0.0,1.0,18.06,18.125,17.56,17.69,180600.0
1993-02-12,36.88,37.0,36.25,36.38,26100.0,0.0,1.0,18.44,18.5,18.125,18.19,52200.0
1993-02-11,36.75,36.88,36.5,36.88,95700.0,0.0,1.0,18.375,18.44,18.25,18.44,191400.0
1993-02-10,35.75,36.62,35.75,36.62,83000.0,0.0,1.0,17.875,18.31,17.875,18.31,166000.0
1993-02-09,35.25,36.0,35.0,35.88,100100.0,0.0,1.0,17.625,18.0,17.5,17.94,200200.0
1993-02-08,36.0,36.0,35.0,35.25,53700.0,0.0,1.0,18.0,18.0,17.5,17.625,107400.0
1993-02-05,36.5,36.5,36.12,36.12,254900.0,0.0,1.0,18.25,18.25,18.06,18.06,509800.0
1993-02-04,36.0,36.62,36.0,36.25,316800.0,0.0,1.0,18.0,18.31,18.0,18.125,633600.0
1993-02-03,34.5,36.25,34.38,35.75,364600.0,0.0,1.0,17.25,18.125,17.19,17.875,729200.0
1993-02-02,34.25,34.5,33.75,34.38,141900.0,0.0,1.0,17.125,17.25,16.875,17.19,283800.0
1993-02-01,35.38,35.5,34.25,34.25,173100.0,0.0,1.0,17.69,17.75,17.125,17.125,346200.0
1993-01-29,36.25,36.25,35.0,35.12,56000.0,0.0,1.0,18.125,18.125,17.5,17.56,112000.0
1993-01-28,36.5,36.5,36.0,36.25,43200.0,0.0,1.0,18.25,18.25,18.0,18.125,86400.0
1993-01-27,36.75,36.88,36.38,36.5,62900.0,0.0,1.0,18.375,18.44,18.19,18.25,125800.0
1993-01-26,36.88,36.88,36.25,36.5,108700.0,0.0,1.0,18.44,18.44,18.125,18.25,217400.0
1993-01-25,34.75,36.0,34.62,35.88,213500.0,0.0,1.0,17.375,18.0,17.31,17.94,427000.0
1993-01-22,35.75,36.25,35.38,35.75,341800.0,0.0,1.0,17.875,18.125,17.69,17.875,683600.0
1993-01-21,36.75,36.75,35.25,35.5,169200.0,0.0,1.0,18.375,18.375,17.625,17.75,338400.0
1993-01-20,37.62,37.62,36.88,37.0,101100.0,0.0,1.0,18.81,18.81,18.44,18.5,202200.0
1993-01-19,37.62,38.0,37.0,37.88,52400.0,0.0,1.0,18.81,19.0,18.5,18.94,104800.0
1993-01-18,38.0,38.0,37.62,37.88,33300.0,0.0,1.0,19.0,19.0,18.81,18.94,66600.0
1993-01-15,38.12,38.38,37.88,38.0,48600.0,0.0,1.0,19.06,19.19,18.94,19.0,97200.0
1993-01-14,38.38,38.5,38.12,38.5,51300.0,0.0,1.0,19.19,19.25,19.06,19.25,102600.0
1993-01-13,38.25,38.88,38.0,38.5,70300.0,0.0,1.0,19.125,19.44,19.0,19.25,140600.0
1993-01-12,38.62,38.88,38.5,38.75,48700.0,0.0,1.0,19.31,19.44,19.25,19.375,97400.0
1993-01-11,38.25,38.88,38.0,38.88,74800.0,0.0,1.0,19.125,19.44,19.0,19.44,149600.0
1993-01-08,39.25,39.25,37.5,38.0,175800.0,0.0,1.0,19.625,19.625,18.75,19.0,351600.0
1993-01-07,39.0,39.5,39.0,39.25,135400.0,0.0,1.0,19.5,19.75,19.5,19.625,270800.0
1993-01-06,39.0,39.5,38.75,39.25,45800.0,0.0,1.0,19.5,19.75,19.375,19.625,91600.0
1993-01-05,38.75,38.75,38.0,38.75,71700.0,0.0,1.0,19.375,19.375,19.0,19.375,143400.0
1993-01-04,38.75,38.75,38.12,38.62,52600.0,0.0,1.0,19.375,19.375,19.06,19.31,105200.0
1992-12-31,39.38,39.62,39.25,39.25,41500.0,0.0,1.0,19.69,19.81,19.625,19.625,83000.0
1992-12-30,38.0,39.38,37.62,39.25,96100.0,0.0,1.0,19.0,19.69,18.81,19.625,192200.0
1992-12-29,38.62,38.62,38.0,38.12,318900.0,0.0,1.0,19.31,19.31,19.0,19.06,637800.0
1992-12-28,39.25,39.25,38.62,38.88,10500.0,0.0,1.0,19.625,19.625,19.31,19.44,21000.0
1992-12-24,38.62,39.38,38.62,39.12,31500.0,0.0,1.0,19.31,19.69,19.31,19.56,63000.0
1992-12-23,38.25,38.88,38.12,38.75,157300.0,0.0,1.0,19.125,19.44,19.06,19.375,314600.0
1992-12-22,37.75,38.25,37.5,38.25,175200.0,0.0,1.0,18.875,19.125,18.75,19.125,350400.0
1992-12-21,37.88,38.0,37.62,37.75,95500.0,0.0,1.0,18.94,19.0,18.81,18.875,191000.0
1992-12-18,38.0,38.0,37.5,37.75,57300.0,0.0,1.0,19.0,19.0,18.75,18.875,114600.0
1992-12-17,37.62,38.0,37.62,38.0,53000.0,0.0,1.0,18.81,19.0,18.81,19.0,106000.0
1992-12-16,37.88,38.0,37.5,37.5,91400.0,0.0,1.0,18.94,19.0,18.75,18.75,182800.0
1992-12-15,37.62,37.88,37.5,37.88,75300.0,0.0,1.0,18.81,18.94,18.75,18.94,150600.0
1992-12-14,37.75,37.88,37.5,37.5,59900.0,0.0,1.0,18.875,18.94,18.75,18.75,119800.0
1992-12-11,38.0,38.38,37.75,38.12,32400.0,0.0,1.0,19.0,19.19,18.875,19.06,64800.0
1992-12-10,38.25,38.25,37.75,38.0,131900.0,0.0,1.0,19.125,19.125,18.875,19.0,263800.0
1992-12-09,39.25,39.25,38.0,38.5,98500.0,0.0,1.0,19.625,19.625,19.0,19.25,197000.0
1992-12-08,39.75,40.25,39.38,39.5,110800.0,0.0,1.0,19.875,20.125,19.69,19.75,221600.0
1992-12-07,40.0,40.25,39.12,39.75,86700.0,0.0,1.0,20.0,20.125,19.56,19.875,173400.0
1992-12-04,40.0,40.0,39.62,40.0,95000.0,0.0,1.0,20.0,20.0,19.81,20.0,190000.0
1992-12-03,39.38,40.0,39.25,40.0,80000.0,0.0,1.0,19.69,20.0,19.625,20.0,160000.0
1992-12-02,38.75,40.0,38.62,39.5,130400.0,0.0,1.0,19.375,20.0,19.31,19.75,260800.0
1992-12-01,38.75,39.0,38.5,38.88,130500.0,0.0,1.0,19.375,19.5,19.25,19.44,261000.0
1992-11-30,37.62,38.75,37.62,38.75,92900.0,0.0,1.0,18.81,19.375,18.81,19.375,185800.0
1992-11-27,37.25,37.5,37.12,37.38,68200.0,0.0,1.0,18.625,18.75,18.56,18.69,136400.0
1992-11-25,36.88,37.5,36.75,37.0,65300.0,0.0,1.0,18.44,18.75,18.375,18.5,130600.0
1992-11-24,36.12,37.0,36.0,36.62,83400.0,0.0,1.0,18.06,18.5,18.0,18.31,166800.0
1992-11-23,36.88,36.88,36.62,36.75,14300.0,0.0,1.0,18.44,18.44,18.31,18.375,28600.0
1992-11-20,36.75,36.88,36.38,36.88,54400.0,0.0,1.0,18.375,18.44,18.19,18.44,108800.0
1992-11-19,37.0,37.25,36.5,37.0,76500.0,0.0,1.0,18.5,18.625,18.25,18.5,153000.0
1992-11-18,36.5,37.62,36.25,37.25,91200.0,0.0,1.0,18.25,18.81,18.125,18.625,182400.0
1992-11-17,36.5,36.75,36.0,36.5,59300.0,0.0,1.0,18.25,18.375,18.0,18.25,118600.0
1992-11-16,36.75,37.12,36.25,36.62,58300.0,0.0,1.0,18.375,18.56,18.125,18.31,116600.0
1992-11-13,35.62,36.75,35.5,36.62,52300.0,0.0,1.0,17.81,18.375,17.75,18.31,104600.0
1992-11-12,36.25,36.38,35.62,35.62,43700.0,0.0,1.0,18.125,18.19,17.81,17.81,87400.0
1992-11-11,35.0,36.25,34.75,36.25,110200.0,0.0,1.0,17.5,18.125,17.375,18.125,220400.0
1992-11-10,34.88,35.25,34.25,35.0,111000.0,0.0,1.0,17.44,17.625,17.125,17.5,222000.0
1992-11-09,34.5,35.38,34.5,34.75,216400.0,0.0,1.0,17.25,17.69,17.25,17.375,432800.0
1992-11-06,32.75,34.5,32.75,34.38,336100.0,0.0,1.0,16.375,17.25,16.375,17.19,672200.0
1992-11-05,32.5,32.75,32.0,32.75,138600.0,0.0,1.0,16.25,16.375,16.0,16.375,277200.0
1992-11-04,32.75,32.75,32.25,32.38,21800.0,0.0,1.0,16.375,16.375,16.125,16.19,43600.0
1992-11-03,32.75,32.75,32.62,32.75,21100.0,0.0,1.0,16.375,16.375,16.31,16.375,42200.0
1992-11-02,33.0,33.0,32.5,32.75,36300.0,0.0,1.0,16.5,16.5,16.25,16.375,72600.0
1992-10-30,33.38,33.5,32.75,33.0,109400.0,0.0,1.0,16.69,16.75,16.375,16.5,218800.0
1992-10-29,33.5,33.5,33.25,33.38,42400.0,0.0,1.0,16.75,16.75,16.625,16.69,84800.0
1992-10-28,33.75,34.0,33.25,33.5,56100.0,0.0,1.0,16.875,17.0,16.625,16.75,112200.0
1992-10-27,32.75,34.25,32.75,33.88,80600.0,0.0,1.0,16.375,17.125,16.375,16.94,161200.0
1992-10-26,32.38,32.75,32.12,32.62,36000.0,0.0,1.0,16.19,16.375,16.06,16.31,72000.0
1992-10-23,32.62,32.88,32.38,32.38,36300.0,0.0,1.0,16.31,16.44,16.19,16.19,72600.0
1992-10-22,32.62,32.75,32.62,32.62,38900.0,0.0,1.0,16.31,16.375,16.31,16.31,77800.0
1992-10-21,32.75,32.75,32.62,32.75,31900.0,0.0,1.0,16.375,16.375,16.31,16.375,63800.0
1992-10-20,32.5,32.75,32.5,32.75,77600.0,0.0,1.0,16.25,16.375,16.25,16.375,155200.0
1992-10-19,32.25,32.62,32.25,32.38,145300.0,0.0,1.0,16.125,16.31,16.125,16.19,290600.0
1992-10-16,32.25,32.38,32.12,32.38,52200.0,0.0,1.0,16.125,16.19,16.06,16.19,104400.0
1992-10-15,32.5,32.5,32.0,32.25,104400.0,0.0,1.0,16.25,16.25,16.0,16.125,208800.0
1992-10-14,32.75,32.75,32.25,32.38,42300.0,0.0,1.0,16.375,16.375,16.125,16.19,84600.0
1992-10-13,32.75,32.75,32.5,32.75,157600.0,0.0,1.0,16.375,16.375,16.25,16.375,315200.0
1992-10-12,31.25,32.88,31.25,32.75,47900.0,0.0,1.0,15.625,16.44,15.625,16.375,95800.0
1992-10-09,31.38,31.5,31.25,31.5,28800.0,0.0,1.0,15.69,15.75,15.625,15.75,57600.0
1992-10-08,31.38,31.75,31.38,31.38,71600.0,0.0,1.0,15.69,15.875,15.69,15.69,143200.0
1992-10-07,31.38,31.75,31.12,31.38,97300.0,0.0,1.0,15.69,15.875,15.56,15.69,194600.0
1992-10-06,31.88,31.88,31.38,31.38,109500.0,0.0,1.0,15.94,15.94,15.69,15.69,219000.0
1992-10-05,32.88,32.88,31.5,32.12,104800.0,0.0,1.0,16.44,16.44,15.75,16.06,209600.0
1992-10-02,33.0,33.25,32.75,33.0,137900.0,0.0,1.0,16.5,16.625,16.375,16.5,275800.0
1992-10-01,33.38,33.38,32.5,32.88,118500.0,0.0,1.0,16.69,16.69,16.25,16.44,237000.0
1992-09-30,33.25,33.5,33.12,33.38,106700.0,0.0,1.0,16.625,16.75,16.56,16.69,213400.0
1992-09-29,33.25,33.38,33.0,33.25,38900.0,0.0,1.0,16.625,16.69,16.5,16.625,77800.0
1992-09-28,33.25,33.5,33.0,33.25,50800.0,0.0,1.0,16.625,16.75,16.5,16.625,101600.0
1992-09-25,34.0,34.25,33.38,33.62,123700.0,0.0,1.0,17.0,17.125,16.69,16.81,247400.0
1992-09-24,33.5,34.38,33.38,34.0,298000.0,0.0,1.0,16.75,17.19,16.69,17.0,596000.0
1992-09-23,33.12,34.12,32.88,33.38,186800.0,0.0,1.0,16.56,17.06,16.44,16.69,373600.0
1992-09-22,32.88,33.12,32.75,33.0,81900.0,0.0,1.0,16.44,16.56,16.375,16.5,163800.0
1992-09-21,32.88,32.88,32.75,32.75,23300.0,0.0,1.0,16.44,16.44,16.375,16.375,46600.0
1992-09-18,32.5,33.0,32.25,33.0,155100.0,0.0,1.0,16.25,16.5,16.125,16.5,310200.0
1992-09-17,33.0,33.25,32.25,32.5,83500.0,0.0,1.0,16.5,16.625,16.125,16.25,167000.0
1992-09-16,32.62,33.88,32.38,32.88,245900.0,0.0,1.0,16.31,16.94,16.19,16.44,491800.0
1992-09-15,32.0,33.25,31.88,33.0,131400.0,0.0,1.0,16.0,16.625,15.94,16.5,262800.0
1992-09-14,30.25,32.25,30.25,32.12,282200.0,0.0,1.0,15.125,16.125,15.125,16.06,564400.0
1992-09-11,29.88,30.0,29.75,30.0,21400.0,0.0,1.0,14.94,15.0,14.875,15.0,42800.0
1992-09-10,29.5,30.12,29.38,30.12,108200.0,0.0,1.0,14.75,15.06,14.69,15.06,216400.0
1992-09-09,29.62,29.75,29.0,29.38,47600.0,0.0,1.0,14.81,14.875,14.5,14.69,95200.0
1992-09-08,30.38,30.5,29.5,29.62,402100.0,0.0,1.0,15.19,15.25,14.75,14.81,804200.0
1992-09-04,30.25,30.62,30.0,30.38,39000.0,0.0,1.0,15.125,15.31,15.0,15.19,78000.0
1992-09-03,29.25,30.88,29.12,30.25,201900.0,0.0,1.0,14.625,15.44,14.56,15.125,403800.0
1992-09-02,28.62,29.25,28.62,29.25,130900.0,0.0,1.0,14.31,14.625,14.31,14.625,261800.0
1992-09-01,28.75,28.88,28.25,28.62,101400.0,0.0,1.0,14.375,14.44,14.125,14.31,202800.0
1992-08-31,29.25,29.62,28.62,29.0,88600.0,0.0,1.0,14.625,14.81,14.31,14.5,177200.0
1992-08-28,30.0,30.0,29.25,29.25,42000.0,0.0,1.0,15.0,15.0,14.625,14.625,84000.0
1992-08-27,31.12,31.12,29.88,30.0,163700.0,0.0,1.0,15.56,15.56,14.94,15.0,327400.0
1992-08-26,31.38,31.38,31.25,31.25,58600.0,0.0,1.0,15.69,15.69,15.625,15.625,117200.0
1992-08-25,31.62,31.62,31.25,31.25,59600.0,0.0,1.0,15.81,15.81,15.625,15.625,119200.0
1992-08-24,31.5,31.75,31.38,31.62,75300.0,0.0,1.0,15.75,15.875,15.69,15.81,150600.0
1992-08-21,32.0,32.12,31.5,31.5,92400.0,0.0,1.0,16.0,16.06,15.75,15.75,184800.0
1992-08-20,32.5,32.62,31.88,32.0,81300.0,0.0,1.0,16.25,16.31,15.94,16.0,162600.0
1992-08-19,32.38,32.75,32.25,32.62,79000.0,0.0,1.0,16.19,16.375,16.125,16.31,158000.0
1992-08-18,32.12,32.38,31.75,32.38,45200.0,0.0,1.0,16.06,16.19,15.875,16.19,90400.0
1992-08-17,32.0,32.25,31.75,32.12,72700.0,0.0,1.0,16.0,16.125,15.875,16.06,145400.0
1992-08-14,31.25,32.12,31.12,32.0,73400.0,0.0,1.0,15.625,16.06,15.56,16.0,146800.0
1992-08-13,30.88,31.38,30.62,31.25,85500.0,0.0,1.0,15.44,15.69,15.31,15.625,171000.0
1992-08-12,30.0,30.62,30.0,30.5,79100.0,0.0,1.0,15.0,15.31,15.0,15.25,158200.0
1992-08-11,29.0,30.0,29.0,30.0,46200.0,0.0,1.0,14.5,15.0,14.5,15.0,92400.0
1992-08-10,29.0,29.25,29.0,29.0,33600.0,0.0,1.0,14.5,14.625,14.5,14.5,67200.0
1992-08-07,30.62,30.75,28.88,28.88,96200.0,0.0,1.0,15.31,15.375,14.44,14.44,192400.0
1992-08-06,30.88,30.88,30.5,30.5,42700.0,0.0,1.0,15.44,15.44,15.25,15.25,85400.0
1992-08-05,31.25,31.25,30.88,30.88,52500.0,0.0,1.0,15.625,15.625,15.44,15.44,105000.0
1992-08-04,31.5,31.62,31.25,31.25,82400.0,0.0,1.0,15.75,15.81,15.625,15.625,164800.0
1992-08-03,31.12,31.62,30.88,31.5,85000.0,0.0,1.0,15.56,15.81,15.44,15.75,170000.0
1992-07-31,31.25,31.38,30.62,31.0,32600.0,0.0,1.0,15.625,15.69,15.31,15.5,65200.0
1992-07-30,32.0,32.0,31.25,31.38,66200.0,0.0,1.0,16.0,16.0,15.625,15.69,132400.0
1992-07-29,31.75,32.38,31.75,31.88,159700.0,0.0,1.0,15.875,16.19,15.875,15.94,319400.0
1992-07-28,32.0,32.12,31.5,31.75,220800.0,0.0,1.0,16.0,16.06,15.75,15.875,441600.0
1992-07-27,29.38,32.25,29.25,31.75,136300.0,0.0,1.0,14.69,16.125,14.625,15.875,272600.0
1992-07-24,29.25,29.62,29.0,29.5,43100.0,0.0,1.0,14.625,14.81,14.5,14.75,86200.0
1992-07-23,27.38,29.62,27.38,29.5,117500.0,0.0,1.0,13.69,14.81,13.69,14.75,235000.0
1992-07-22,28.75,28.88,27.5,27.5,73700.0,0.0,1.0,14.375,14.44,13.75,13.75,147400.0
1992-07-21,28.25,28.88,27.75,28.62,108500.0,0.0,1.0,14.125,14.44,13.875,14.31,217000.0
1992-07-20,28.5,28.62,28.0,28.12,47600.0,0.0,1.0,14.25,14.31,14.0,14.06,95200.0
1992-07-17,28.62,28.62,28.25,28.5,136400.0,0.0,1.0,14.31,14.31,14.125,14.25,272800.0
1992-07-16,28.12,28.5,28.12,28.5,37900.0,0.0,1.0,14.06,14.25,14.06,14.25,75800.0
1992-07-15,28.5,28.62,28.0,28.25,142700.0,0.0,1.0,14.25,14.31,14.0,14.125,285400.0
1992-07-14,28.75,28.75,28.25,28.38,211200.0,0.0,1.0,14.375,14.375,14.125,14.19,422400.0
1992-07-13,28.5,28.75,28.25,28.62,184100.0,0.0,1.0,14.25,14.375,14.125,14.31,368200.0
1992-07-10,27.88,28.62,27.88,28.0,146400.0,0.0,1.0,13.94,14.31,13.94,14.0,292800.0
1992-07-09,27.75,28.0,27.62,27.88,132900.0,0.0,1.0,13.875,14.0,13.81,13.94,265800.0
1992-07-08,28.12,28.12,27.25,27.62,204400.0,0.0,1.0,14.06,14.06,13.625,13.81,408800.0
1992-07-07,27.88,28.25,27.75,28.12,168400.0,0.0,1.0,13.94,14.125,13.875,14.06,336800.0
1992-07-06,28.0,28.0,27.5,27.88,62100.0,0.0,1.0,14.0,14.0,13.75,13.94,124200.0
1992-07-02,29.25,29.25,28.0,28.12,114900.0,0.0,1.0,14.625,14.625,14.0,14.06,229800.0
1992-07-01,28.5,30.12,28.5,29.38,196300.0,0.0,1.0,14.25,15.06,14.25,14.69,392600.0
1992-06-30,28.75,28.75,27.5,28.0,90500.0,0.0,1.0,14.375,14.375,13.75,14.0,181000.0
1992-06-29,28.25,29.0,27.75,28.88,199800.0,0.0,1.0,14.125,14.5,13.875,14.44,399600.0
1992-06-26,27.88,28.62,27.88,28.25,60800.0,0.0,1.0,13.94,14.31,13.94,14.125,121600.0
1992-06-25,27.25,27.88,27.25,27.88,159200.0,0.0,1.0,13.625,13.94,13.625,13.94,318400.0
1992-06-24,27.12,27.38,26.38,27.0,102000.0,0.0,1.0,13.56,13.69,13.19,13.5,204000.0
1992-06-23,26.12,27.25,26.12,26.75,184400.0,0.0,1.0,13.06,13.625,13.06,13.375,368800.0
1992-06-22,26.62,26.62,25.12,25.75,197200.0,0.0,1.0,13.31,13.31,12.56,12.875,394400.0
1992-06-19,27.0,27.38,26.38,26.75,69500.0,0.0,1.0,13.5,13.69,13.19,13.375,139000.0
1992-06-18,28.5,28.5,26.0,27.0,359700.0,0.0,1.0,14.25,14.25,13.0,13.5,719400.0
1992-06-17,29.88,29.88,28.5,28.5,86800.0,0.0,1.0,14.94,14.94,14.25,14.25,173600.0
1992-06-16,30.5,30.62,29.75,29.75,53900.0,0.0,1.0,15.25,15.31,14.875,14.875,107800.0
1992-06-15,29.88,30.62,29.75,30.5,96200.0,0.0,1.0,14.94,15.31,14.875,15.25,192400.0
1992-06-12,29.62,30.62,29.0,29.88,177400.0,0.0,1.0,14.81,15.31,14.5,14.94,354800.0
1992-06-11,28.75,29.12,28.0,28.88,248200.0,0.0,1.0,14.375,14.56,14.0,14.44,496400.0
1992-06-10,28.88,28.88,28.38,28.62,335100.0,0.0,1.0,14.44,14.44,14.19,14.31,670200.0
1992-06-09,31.0,31.25,28.38,28.88,892400.0,0.0,1.0,15.5,15.625,14.19,14.44,1784800.0
1992-06-08,32.5,32.75,30.88,30.88,193400.0,0.0,1.0,16.25,16.375,15.44,15.44,386800.0
1992-06-05,33.0,33.5,32.62,32.62,123900.0,0.0,1.0,16.5,16.75,16.31,16.31,247800.0
1992-06-04,34.5,34.5,32.88,33.25,254600.0,0.0,1.0,17.25,17.25,16.44,16.625,509200.0
1992-06-03,34.88,34.88,34.62,34.75,26000.0,0.0,1.0,17.44,17.44,17.31,17.375,52000.0
1992-06-02,35.12,35.12,34.62,34.75,102000.0,0.0,1.0,17.56,17.56,17.31,17.375,204000.0
1992-06-01,34.62,34.88,34.12,34.88,90000.0,0.0,1.0,17.31,17.44,17.06,17.44,180000.0
1992-05-29,33.75,35.5,33.75,35.12,220900.0,0.0,1.0,16.875,17.75,16.875,17.56,441800.0
1992-05-28,34.25,34.25,33.25,33.75,129600.0,0.0,1.0,17.125,17.125,16.625,16.875,259200.0
1992-05-27,35.12,35.25,33.88,34.12,179700.0,0.0,1.0,17.56,17.625,16.94,17.06,359400.0
1992-05-26,35.25,35.5,34.75,35.12,73200.0,0.0,1.0,17.625,17.75,17.375,17.56,146400.0
1992-05-22,34.5,34.62,34.25,34.5,14800.0,0.0,1.0,17.25,17.31,17.125,17.25,29600.0
1992-05-21,34.75,34.75,34.0,34.38,28600.0,0.0,1.0,17.375,17.375,17.0,17.19,57200.0
1992-05-20,35.38,35.38,34.62,34.62,29700.0,0.0,1.0,17.69,17.69,17.31,17.31,59400.0
1992-05-19,35.25,35.62,35.0,35.62,29700.0,0.0,1.0,17.625,17.81,17.5,17.81,59400.0
1992-05-18,35.38,36.38,35.25,35.5,81700.0,0.0,1.0,17.69,18.19,17.625,17.75,163400.0
1992-05-15,33.88,35.0,33.75,34.88,80800.0,0.0,1.0,16.94,17.5,16.875,17.44,161600.0
1992-05-14,34.88,34.88,34.0,34.0,61000.0,0.0,1.0,17.44,17.44,17.0,17.0,122000.0
1992-05-13,35.0,35.0,34.75,34.75,33200.0,0.0,1.0,17.5,17.5,17.375,17.375,66400.0
1992-05-12,36.25,36.25,35.12,35.12,70200.0,0.0,1.0,18.125,18.125,17.56,17.56,140400.0
1992-05-11,36.38,36.5,35.75,36.38,195100.0,0.0,1.0,18.19,18.25,17.875,18.19,390200.0
1992-05-08,37.12,37.12,36.25,36.62,26600.0,0.0,1.0,18.56,18.56,18.125,18.31,53200.0
1992-05-07,37.12,37.75,37.12,37.12,50900.0,0.0,1.0,18.56,18.875,18.56,18.56,101800.0
1992-05-06,36.5,37.62,36.25,37.25,57100.0,0.0,1.0,18.25,18.81,18.125,18.625,114200.0
1992-05-05,37.5,37.62,36.38,36.62,28500.0,0.0,1.0,18.75,18.81,18.19,18.31,57000.0
1992-05-04,36.12,37.25,36.12,37.25,65300.0,0.0,1.0,18.06,18.625,18.06,18.625,130600.0
1992-05-01,36.0,36.12,35.75,36.0,57000.0,0.0,1.0,18.0,18.06,17.875,18.0,114000.0
1992-04-30,34.38,35.88,34.25,35.88,174300.0,0.0,1.0,17.19,17.94,17.125,17.94,348600.0
1992-04-29,32.75,34.25,32.75,34.12,158600.0,0.0,1.0,16.375,17.125,16.375,17.06,317200.0
1992-04-28,34.25,34.25,32.25,32.88,289300.0,0.0,1.0,17.125,17.125,16.125,16.44,578600.0
1992-04-27,34.62,34.62,34.12,34.25,76600.0,0.0,1.0,17.31,17.31,17.06,17.125,153200.0
1992-04-24,35.12,35.12,34.75,34.88,37700.0,0.0,1.0,17.56,17.56,17.375,17.44,75400.0
1992-04-23,35.62,35.75,34.75,34.88,107300.0,0.0,1.0,17.81,17.875,17.375,17.44,214600.0
1992-04-22,35.12,36.38,35.12,35.88,175700.0,0.0,1.0,17.56,18.19,17.56,17.94,351400.0
1992-04-21,35.12,35.12,34.25,34.88,136200.0,0.0,1.0,17.56,17.56,17.125,17.44,272400.0
1992-04-20,37.0,37.0,35.12,35.5,61300.0,0.0,1.0,18.5,18.5,17.56,17.75,122600.0
1992-04-16,37.5,37.5,36.62,37.0,25600.0,0.0,1.0,18.75,18.75,18.31,18.5,51200.0
1992-04-15,38.12,38.38,37.62,37.75,67100.0,0.0,1.0,19.06,19.19,18.81,18.875,134200.0
1992-04-14,36.88,38.0,36.5,37.88,83700.0,0.0,1.0,18.44,19.0,18.25,18.94,167400.0
1992-04-13,35.88,36.75,35.88,36.62,59300.0,0.0,1.0,17.94,18.375,17.94,18.31,118600.0
1992-04-10,36.5,36.88,35.75,35.88,72800.0,0.0,1.0,18.25,18.44,17.875,17.94,145600.0
1992-04-09,35.0,36.12,34.62,36.12,69200.0,0.0,1.0,17.5,18.06,17.31,18.06,138400.0
1992-04-08,35.62,35.62,34.25,35.25,112200.0,0.0,1.0,17.81,17.81,17.125,17.625,224400.0
1992-04-07,36.25,36.62,35.62,35.75,95400.0,0.0,1.0,18.125,18.31,17.81,17.875,190800.0
1992-04-06,34.62,36.5,34.62,36.0,57700.0,0.0,1.0,17.31,18.25,17.31,18.0,115400.0
1992-04-03,35.12,35.25,34.25,34.62,70900.0,0.0,1.0,17.56,17.625,17.125,17.31,141800.0
1992-04-02,35.12,35.5,35.12,35.25,78800.0,0.0,1.0,17.56,17.75,17.56,17.625,157600.0
1992-04-01,36.62,36.62,35.12,35.38,117900.0,0.0,1.0,18.31,18.31,17.56,17.69,235800.0
1992-03-31,38.5,38.5,36.75,36.88,48200.0,0.0,1.0,19.25,19.25,18.375,18.44,96400.0
1992-03-30,39.5,39.62,38.25,38.38,98000.0,0.0,1.0,19.75,19.81,19.125,19.19,196000.0
1992-03-27,38.88,40.12,38.88,39.38,113800.0,0.0,1.0,19.44,20.06,19.44,19.69,227600.0
1992-03-26,39.12,39.5,38.62,38.75,36300.0,0.0,1.0,19.56,19.75,19.31,19.375,72600.0
1992-03-25,38.5,39.38,38.5,39.12,93600.0,0.0,1.0,19.25,19.69,19.25,19.56,187200.0
1992-03-24,38.75,38.88,38.25,38.5,53900.0,0.0,1.0,19.375,19.44,19.125,19.25,107800.0
1992-03-23,38.25,39.0,38.12,38.75,69100.0,0.0,1.0,19.125,19.5,19.06,19.375,138200.0
1992-03-20,37.75,38.0,37.38,38.0,111000.0,0.0,1.0,18.875,19.0,18.69,19.0,222000.0
1992-03-19,38.0,38.0,37.5,37.5,41400.0,0.0,1.0,19.0,19.0,18.75,18.75,82800.0
1992-03-18,37.0,37.75,36.88,37.5,126300.0,0.0,1.0,18.5,18.875,18.44,18.75,252600.0
1992-03-17,36.0,36.75,35.88,36.38,184800.0,0.0,1.0,18.0,18.375,17.94,18.19,369600.0
1992-03-16,36.25,36.25,35.75,36.0,193200.0,0.0,1.0,18.125,18.125,17.875,18.0,386400.0
1992-03-13,36.0,36.38,36.0,36.12,355900.0,0.0,1.0,18.0,18.19,18.0,18.06,711800.0
1992-03-12,35.0,35.88,35.0,35.62,305900.0,0.0,1.0,17.5,17.94,17.5,17.81,611800.0
1992-03-11,35.0,35.12,35.0,35.0,1448200.0,0.0,1.0,17.5,17.56,17.5,17.5,2896400.0
1992-03-10,36.12,36.88,35.25,35.25,109700.0,0.0,1.0,18.06,18.44,17.625,17.625,219400.0
1992-03-09,36.25,36.62,35.75,35.75,45800.0,0.0,1.0,18.125,18.31,17.875,17.875,91600.0
1992-03-06,36.5,36.75,36.12,36.38,26500.0,0.0,1.0,18.25,18.375,18.06,18.19,53000.0
1992-03-05,37.25,37.25,36.0,36.75,60400.0,0.0,1.0,18.625,18.625,18.0,18.375,120800.0
1992-03-04,38.62,38.62,37.25,37.38,47300.0,0.0,1.0,19.31,19.31,18.625,18.69,94600.0
1992-03-03,39.0,39.12,38.12,38.62,50700.0,0.0,1.0,19.5,19.56,19.06,19.31,101400.0
1992-03-02,38.62,38.88,38.38,38.88,51400.0,0.0,1.0,19.31,19.44,19.19,19.44,102800.0
1992-02-28,39.88,40.0,38.38,38.62,125800.0,0.0,1.0,19.94,20.0,19.19,19.31,251600.0
1992-02-27,38.12,39.88,38.12,39.88,164200.0,0.0,1.0,19.06,19.94,19.06,19.94,328400.0
1992-02-26,37.38,38.5,37.38,38.38,135300.0,0.0,1.0,18.69,19.25,18.69,19.19,270600.0
1992-02-25,38.38,38.38,36.75,36.88,98500.0,0.0,1.0,19.19,19.19,18.375,18.44,197000.0
1992-02-24,38.88,38.88,38.12,38.38,98900.0,0.0,1.0,19.44,19.44,19.06,19.19,197800.0
1992-02-21,37.75,39.0,37.75,39.0,134200.0,0.0,1.0,18.875,19.5,18.875,19.5,268400.0
1992-02-20,36.88,38.38,36.88,37.62,96800.0,0.0,1.0,18.44,19.19,18.44,18.81,193600.0
1992-02-19,35.5,36.38,34.12,36.38,181200.0,0.0,1.0,17.75,18.19,17.06,18.19,362400.0
1992-02-18,37.5,37.75,35.62,36.0,118900.0,0.0,1.0,18.75,18.875,17.81,18.0,237800.0
1992-02-14,37.62,37.88,37.12,37.88,69500.0,0.0,1.0,18.81,18.94,18.56,18.94,139000.0
1992-02-13,38.0,38.25,37.5,37.5,119100.0,0.0,1.0,19.0,19.125,18.75,18.75,238200.0
1992-02-12,39.5,39.5,37.5,38.38,232800.0,0.0,1.0,19.75,19.75,18.75,19.19,465600.0
1992-02-11,39.88,40.62,39.75,40.0,90200.0,0.0,1.0,19.94,20.31,19.875,20.0,180400.0
1992-02-10,39.88,39.88,39.25,39.88,108600.0,0.0,1.0,19.94,19.94,19.625,19.94,217200.0
1992-02-07,40.75,41.0,38.75,40.0,210900.0,0.0,1.0,20.375,20.5,19.375,20.0,421800.0
1992-02-06,40.12,42.0,40.0,40.88,344400.0,0.0,1.0,20.06,21.0,20.0,20.44,688800.0
1992-02-05,37.75,40.38,37.12,40.0,399100.0,0.0,1.0,18.875,20.19,18.56,20.0,798200.0
1992-02-04,35.75,37.5,35.75,37.5,323900.0,0.0,1.0,17.875,18.75,17.875,18.75,647800.0
1992-02-03,35.0,36.12,35.0,35.62,333200.0,0.0,2.0,17.5,18.06,17.5,17.81,666400.0
1992-01-31,66.75,68.75,66.75,68.25,154200.0,0.0,1.0,16.6875,17.1875,16.6875,17.0625,616800.0
1992-01-30,65.0,66.0,64.88,66.0,54100.0,0.0,1.0,16.25,16.5,16.22,16.5,216400.0
1992-01-29,65.75,67.88,64.5,64.5,116000.0,0.0,1.0,16.4375,16.97,16.125,16.125,464000.0
1992-01-28,64.25,65.88,64.25,65.75,54000.0,0.0,1.0,16.0625,16.47,16.0625,16.4375,216000.0
1992-01-27,64.62,64.88,64.12,64.25,51400.0,0.0,1.0,16.155,16.22,16.03,16.0625,205600.0
1992-01-24,63.5,64.5,63.5,64.25,88000.0,0.0,1.0,15.875,16.125,15.875,16.0625,352000.0
1992-01-23,62.5,65.5,62.5,63.25,201700.0,0.0,1.0,15.625,16.375,15.625,15.8125,806800.0
1992-01-22,61.62,62.25,59.12,62.25,126800.0,0.0,1.0,15.405,15.5625,14.78,15.5625,507200.0
1992-01-21,63.62,63.62,60.5,61.62,135600.0,0.0,1.0,15.905,15.905,15.125,15.405,542400.0
1992-01-20,65.75,65.75,63.62,63.88,75900.0,0.0,1.0,16.4375,16.4375,15.905,15.97,303600.0
1992-01-17,67.0,67.0,64.75,65.5,70600.0,0.0,1.0,16.75,16.75,16.1875,16.375,282400.0
1992-01-16,70.0,70.0,66.0,67.0,109400.0,0.0,1.0,17.5,17.5,16.5,16.75,437600.0
1992-01-15,69.88,70.0,69.62,69.88,82100.0,0.0,1.0,17.47,17.5,17.405,17.47,328400.0
1992-01-14,70.0,70.0,69.25,69.75,81300.0,0.0,1.0,17.5,17.5,17.3125,17.4375,325200.0
1992-01-13,70.25,70.5,69.75,70.0,147000.0,0.0,1.0,17.5625,17.625,17.4375,17.5,588000.0
1992-01-10,68.25,69.5,68.25,69.0,101200.0,0.0,1.0,17.0625,17.375,17.0625,17.25,404800.0
1992-01-09,68.25,68.25,67.75,68.25,33900.0,0.0,1.0,17.0625,17.0625,16.9375,17.0625,135600.0
1992-01-08,68.62,68.75,68.12,68.25,91600.0,0.0,1.0,17.155,17.1875,17.03,17.0625,366400.0
1992-01-07,68.25,68.75,68.0,68.62,29200.0,0.0,1.0,17.0625,17.1875,17.0,17.155,116800.0
1992-01-06,67.0,68.12,67.0,68.0,43800.0,0.0,1.0,16.75,17.03,16.75,17.0,175200.0
1992-01-03,67.25,67.25,66.5,67.12,124300.0,0.0,1.0,16.8125,16.8125,16.625,16.78,497200.0
1992-01-02,66.88,67.12,65.0,67.12,76400.0,0.0,1.0,16.72,16.78,16.25,16.78,305600.0
1991-12-31,65.0,67.88,65.0,67.12,172700.0,0.0,1.0,16.25,16.97,16.25,16.78,690800.0
1991-12-30,63.75,65.25,63.5,64.75,62700.0,0.0,1.0,15.9375,16.3125,15.875,16.1875,250800.0
1991-12-27,61.5,63.5,61.25,63.0,105200.0,0.0,1.0,15.375,15.875,15.3125,15.75,420800.0
1991-12-26,60.0,61.88,60.0,61.38,50300.0,0.0,1.0,15.0,15.47,15.0,15.345,201200.0
1991-12-24,60.0,60.12,59.75,59.88,79300.0,0.0,1.0,15.0,15.03,14.9375,14.97,317200.0
1991-12-23,58.5,59.88,58.5,59.75,222400.0,0.0,1.0,14.625,14.97,14.625,14.9375,889600.0
1991-12-20,58.38,58.62,58.0,58.0,16400.0,0.0,1.0,14.595,14.655,14.5,14.5,65600.0
1991-12-19,58.88,58.88,58.0,58.12,48600.0,0.0,1.0,14.72,14.72,14.5,14.53,194400.0
1991-12-18,59.0,59.0,58.5,59.0,43700.0,0.0,1.0,14.75,14.75,14.625,14.75,174800.0
1991-12-17,58.75,59.5,58.5,58.88,90000.0,0.0,1.0,14.6875,14.875,14.625,14.72,360000.0
1991-12-16,56.25,59.0,56.25,59.0,165400.0,0.0,1.0,14.0625,14.75,14.0625,14.75,661600.0
1991-12-13,55.0,56.0,55.0,56.0,226900.0,0.0,1.0,13.75,14.0,13.75,14.0,907600.0
1991-12-12,54.75,54.88,54.0,54.88,78400.0,0.0,1.0,13.6875,13.72,13.5,13.72,313600.0
1991-12-11,55.88,55.88,54.25,54.75,38100.0,0.0,1.0,13.97,13.97,13.5625,13.6875,152400.0
1991-12-10,56.38,56.38,55.88,55.88,107200.0,0.0,1.0,14.095,14.095,13.97,13.97,428800.0
1991-12-09,57.25,57.25,55.75,56.12,71500.0,0.0,1.0,14.3125,14.3125,13.9375,14.03,286000.0
1991-12-06,55.25,58.75,55.25,57.12,85300.0,0.0,1.0,13.8125,14.6875,13.8125,14.28,341200.0
1991-12-05,52.5,55.0,52.5,55.0,34500.0,0.0,1.0,13.125,13.75,13.125,13.75,138000.0
1991-12-04,52.0,52.88,51.62,52.75,57100.0,0.0,1.0,13.0,13.22,12.905,13.1875,228400.0
1991-12-03,52.38,52.38,52.0,52.12,40300.0,0.0,1.0,13.095,13.095,13.0,13.03,161200.0
1991-12-02,51.25,52.38,50.75,52.38,40500.0,0.0,1.0,12.8125,13.095,12.6875,13.095,162000.0
1991-11-29,51.25,51.25,50.75,51.25,14000.0,0.0,1.0,12.8125,12.8125,12.6875,12.8125,56000.0
1991-11-27,51.88,51.88,51.0,51.0,26300.0,0.0,1.0,12.97,12.97,12.75,12.75,105200.0
1991-11-26,52.25,52.25,51.75,51.75,19000.0,0.0,1.0,13.0625,13.0625,12.9375,12.9375,76000.0
1991-11-25,52.88,53.38,52.25,52.25,46700.0,0.0,1.0,13.22,13.345,13.0625,13.0625,186800.0
1991-11-22,51.25,52.88,51.25,52.62,79800.0,0.0,1.0,12.8125,13.22,12.8125,13.155,319200.0
1991-11-21,50.0,51.25,50.0,51.0,58000.0,0.0,1.0,12.5,12.8125,12.5,12.75,232000.0
1991-11-20,50.0,50.12,49.25,49.88,25900.0,0.0,1.0,12.5,12.53,12.3125,12.47,103600.0
1991-11-19,51.0,51.0,49.62,49.75,34600.0,0.0,1.0,12.75,12.75,12.405,12.4375,138400.0
1991-11-18,52.12,52.12,48.5,50.75,96200.0,0.0,1.0,13.03,13.03,12.125,12.6875,384800.0
1991-11-15,53.88,54.75,53.5,53.62,108600.0,0.0,1.0,13.47,13.6875,13.375,13.405,434400.0
1991-11-14,55.38,55.75,53.0,54.25,118200.0,0.0,1.0,13.845,13.9375,13.25,13.5625,472800.0
1991-11-13,54.62,55.38,54.5,55.38,43900.0,0.0,1.0,13.655,13.845,13.625,13.845,175600.0
1991-11-12,53.5,55.75,53.5,54.88,172600.0,0.0,1.0,13.375,13.9375,13.375,13.72,690400.0
1991-11-11,50.62,52.75,50.25,52.75,56600.0,0.0,1.0,12.655,13.1875,12.5625,13.1875,226400.0
1991-11-08,50.25,51.0,50.25,50.88,62100.0,0.0,1.0,12.5625,12.75,12.5625,12.72,248400.0
1991-11-07,48.0,50.62,48.0,50.12,45600.0,0.0,1.0,12.0,12.655,12.0,12.53,182400.0
1991-11-06,47.5,48.5,47.5,48.0,24200.0,0.0,1.0,11.875,12.125,11.875,12.0,96800.0
1991-11-05,48.0,48.75,47.5,47.5,29500.0,0.0,1.0,12.0,12.1875,11.875,11.875,118000.0
1991-11-04,47.5,47.75,46.62,47.75,45400.0,0.0,1.0,11.875,11.9375,11.655,11.9375,181600.0
1991-11-01,47.5,48.0,47.5,47.75,14800.0,0.0,1.0,11.875,12.0,11.875,11.9375,59200.0
1991-10-31,47.5,47.88,47.5,47.75,50800.0,0.0,1.0,11.875,11.97,11.875,11.9375,203200.0
1991-10-30,47.0,47.88,47.0,47.12,95600.0,0.0,1.0,11.75,11.97,11.75,11.78,382400.0
1991-10-29,44.88,46.75,44.88,46.75,36700.0,0.0,1.0,11.22,11.6875,11.22,11.6875,146800.0
1991-10-28,44.25,45.25,44.0,44.88,23700.0,0.0,1.0,11.0625,11.3125,11.0,11.22,94800.0
1991-10-25,45.25,45.25,43.75,44.25,22100.0,0.0,1.0,11.3125,11.3125,10.9375,11.0625,88400.0
1991-10-24,46.12,46.12,44.75,45.0,74800.0,0.0,1.0,11.53,11.53,11.1875,11.25,299200.0
1991-10-23,46.12,46.38,46.0,46.38,28200.0,0.0,1.0,11.53,11.595,11.5,11.595,112800.0
1991-10-22,46.0,46.25,46.0,46.25,44200.0,0.0,1.0,11.5,11.5625,11.5,11.5625,176800.0
1991-10-21,46.12,46.5,45.75,46.0,37500.0,0.0,1.0,11.53,11.625,11.4375,11.5,150000.0
1991-10-18,45.62,46.25,45.62,46.12,11200.0,0.0,1.0,11.405,11.5625,11.405,11.53,44800.0
1991-10-17,45.75,46.25,45.5,45.62,57300.0,0.0,1.0,11.4375,11.5625,11.375,11.405,229200.0
1991-10-16,45.12,46.38,45.0,45.75,82200.0,0.0,1.0,11.28,11.595,11.25,11.4375,328800.0
1991-10-15,45.12,45.25,44.75,45.12,55600.0,0.0,1.0,11.28,11.3125,11.1875,11.28,222400.0
1991-10-14,43.88,45.25,43.75,45.12,109700.0,0.0,1.0,10.97,11.3125,10.9375,11.28,438800.0
1991-10-11,43.25,43.75,43.25,43.62,45900.0,0.0,1.0,10.8125,10.9375,10.8125,10.905,183600.0
1991-10-10,44.0,44.0,43.0,43.12,103200.0,0.0,1.0,11.0,11.0,10.75,10.78,412800.0
1991-10-09,44.5,44.75,43.88,44.0,113500.0,0.0,1.0,11.125,11.1875,10.97,11.0,454000.0
1991-10-08,43.75,44.75,43.5,44.62,73500.0,0.0,1.0,10.9375,11.1875,10.875,11.155,294000.0
1991-10-07,44.62,44.62,43.75,44.0,115500.0,0.0,1.0,11.155,11.155,10.9375,11.0,462000.0
1991-10-04,44.88,44.88,44.5,44.62,807600.0,0.0,1.0,11.22,11.22,11.125,11.155,3230400.0
1991-10-03,46.25,46.25,44.88,44.88,20000.0,0.0,1.0,11.5625,11.5625,11.22,11.22,80000.0
1991-10-02,46.5,46.62,46.0,46.5,26900.0,0.0,1.0,11.625,11.655,11.5,11.625,107600.0
1991-10-01,44.25,46.0,43.75,46.0,76200.0,0.0,1.0,11.0625,11.5,10.9375,11.5,304800.0
1991-09-30,44.5,44.75,44.5,44.62,29900.0,0.0,1.0,11.125,11.1875,11.125,11.155,119600.0
1991-09-27,44.75,44.75,44.38,44.38,20600.0,0.0,1.0,11.1875,11.1875,11.095,11.095,82400.0
1991-09-26,45.0,45.25,44.75,44.75,17700.0,0.0,1.0,11.25,11.3125,11.1875,11.1875,70800.0
1991-09-25,46.5,46.5,45.25,45.25,65500.0,0.0,1.0,11.625,11.625,11.3125,11.3125,262000.0
1991-09-24,47.38,48.25,46.38,46.5,70000.0,0.0,1.0,11.845,12.0625,11.595,11.625,280000.0
1991-09-23,47.0,47.75,45.88,47.25,55700.0,0.0,1.0,11.75,11.9375,11.47,11.8125,222800.0
1991-09-20,44.38,46.25,44.38,46.25,75100.0,0.0,1.0,11.095,11.5625,11.095,11.5625,300400.0
1991-09-19,42.0,44.25,42.0,44.0,58500.0,0.0,1.0,10.5,11.0625,10.5,11.0,234000.0
1991-09-18,41.88,42.25,41.88,41.88,42500.0,0.0,1.0,10.47,10.5625,10.47,10.47,170000.0
1991-09-17,41.0,42.12,41.0,42.12,39300.0,0.0,1.0,10.25,10.53,10.25,10.53,157200.0
1991-09-16,40.25,41.25,40.25,41.0,19400.0,0.0,1.0,10.0625,10.3125,10.0625,10.25,77600.0
1991-09-13,40.12,40.38,40.0,40.0,73100.0,0.0,1.0,10.03,10.095,10.0,10.0,292400.0
1991-09-12,40.0,40.88,39.88,40.12,17700.0,0.0,1.0,10.0,10.22,9.97,10.03,70800.0
1991-09-11,38.88,40.0,38.88,40.0,50800.0,0.0,1.0,9.72,10.0,9.72,10.0,203200.0
1991-09-10,39.0,39.0,38.38,38.88,10400.0,0.0,1.0,9.75,9.75,9.595,9.72,41600.0
1991-09-09,38.75,38.88,38.5,38.88,13500.0,0.0,1.0,9.6875,9.72,9.625,9.72,54000.0
1991-09-06,39.25,39.38,39.0,39.0,15700.0,0.0,1.0,9.8125,9.845,9.75,9.75,62800.0
1991-09-05,39.62,39.62,39.38,39.38,15800.0,0.0,1.0,9.905,9.905,9.845,9.845,63200.0
1991-09-04,40.5,40.5,38.5,39.75,105700.0,0.0,1.0,10.125,10.125,9.625,9.9375,422800.0
1991-09-03,41.0,41.0,40.75,40.75,10100.0,0.0,1.0,10.25,10.25,10.1875,10.1875,40400.0
1991-08-30,40.25,40.88,40.25,40.75,50600.0,0.0,1.0,10.0625,10.22,10.0625,10.1875,202400.0
1991-08-29,41.0,41.5,40.25,40.5,35100.0,0.0,1.0,10.25,10.375,10.0625,10.125,140400.0
1991-08-28,39.75,41.0,39.75,40.88,52800.0,0.0,1.0,9.9375,10.25,9.9375,10.22,211200.0
1991-08-27,39.88,39.88,39.38,39.62,26900.0,0.0,1.0,9.97,9.97,9.845,9.905,107600.0
1991-08-26,39.62,40.0,39.5,40.0,34500.0,0.0,1.0,9.905,10.0,9.875,10.0,138000.0
1991-08-23,39.75,40.38,39.5,40.0,61000.0,0.0,1.0,9.9375,10.095,9.875,10.0,244000.0
1991-08-22,38.25,39.88,38.25,39.75,59500.0,0.0,1.0,9.5625,9.97,9.5625,9.9375,238000.0
1991-08-21,37.5,38.25,37.5,38.25,84500.0,0.0,1.0,9.375,9.5625,9.375,9.5625,338000.0
1991-08-20,36.75,37.25,36.5,36.88,32300.0,0.0,1.0,9.1875,9.3125,9.125,9.22,129200.0
1991-08-19,37.38,37.38,36.0,36.5,51700.0,0.0,1.0,9.345,9.345,9.0,9.125,206800.0
1991-08-16,38.5,38.62,37.75,37.88,37100.0,0.0,1.0,9.625,9.655,9.4375,9.47,148400.0
1991-08-15,39.12,39.12,38.5,38.62,30600.0,0.0,1.0,9.78,9.78,9.625,9.655,122400.0
1991-08-14,39.62,39.75,39.25,39.38,15800.0,0.0,1.0,9.905,9.9375,9.8125,9.845,63200.0
1991-08-13,39.25,39.5,39.12,39.38,34500.0,0.0,1.0,9.8125,9.875,9.78,9.845,138000.0
1991-08-12,39.25,39.25,39.0,39.12,8200.0,0.0,1.0,9.8125,9.8125,9.75,9.78,32800.0
1991-08-09,39.25,39.25,38.75,39.25,39300.0,0.0,1.0,9.8125,9.8125,9.6875,9.8125,157200.0
1991-08-08,39.0,39.38,38.75,39.25,55500.0,0.0,1.0,9.75,9.845,9.6875,9.8125,222000.0
1991-08-07,38.25,38.88,38.25,38.88,32300.0,0.0,1.0,9.5625,9.72,9.5625,9.72,129200.0
1991-08-06,38.0,38.38,37.75,38.25,15700.0,0.0,1.0,9.5,9.595,9.4375,9.5625,62800.0
1991-08-05,38.25,38.25,38.0,38.25,49100.0,0.0,1.0,9.5625,9.5625,9.5,9.5625,196400.0
1991-08-02,37.75,38.38,37.5,38.25,37700.0,0.0,1.0,9.4375,9.595,9.375,9.5625,150800.0
1991-08-01,37.75,37.88,37.38,37.75,77500.0,0.0,1.0,9.4375,9.47,9.345,9.4375,310000.0
1991-07-31,38.75,38.75,37.38,37.75,90400.0,0.0,1.0,9.6875,9.6875,9.345,9.4375,361600.0
1991-07-30,38.88,39.0,38.62,39.0,59600.0,0.0,1.0,9.72,9.75,9.655,9.75,238400.0
1991-07-29,38.88,38.88,38.75,38.88,48400.0,0.0,1.0,9.72,9.72,9.6875,9.72,193600.0
1991-07-26,39.25,39.25,38.75,38.88,45600.0,0.0,1.0,9.8125,9.8125,9.6875,9.72,182400.0
1991-07-25,38.25,39.25,38.25,39.0,27900.0,0.0,1.0,9.5625,9.8125,9.5625,9.75,111600.0
1991-07-24,38.75,38.88,38.5,38.62,22100.0,0.0,1.0,9.6875,9.72,9.625,9.655,88400.0
1991-07-23,39.0,39.0,38.88,39.0,29400.0,0.0,1.0,9.75,9.75,9.72,9.75,117600.0
1991-07-22,40.0,40.0,39.0,39.0,48900.0,0.0,1.0,10.0,10.0,9.75,9.75,195600.0
1991-07-19,40.25,40.25,39.75,40.0,43000.0,0.0,1.0,10.0625,10.0625,9.9375,10.0,172000.0
1991-07-18,40.0,40.5,39.88,40.38,26200.0,0.0,1.0,10.0,10.125,9.97,10.095,104800.0
1991-07-17,39.62,40.0,39.62,39.88,50100.0,0.0,1.0,9.905,10.0,9.905,9.97,200400.0
1991-07-16,40.0,40.0,39.75,39.75,36400.0,0.0,1.0,10.0,10.0,9.9375,9.9375,145600.0
1991-07-15,38.5,40.0,38.5,40.0,54200.0,0.0,1.0,9.625,10.0,9.625,10.0,216800.0
1991-07-12,38.5,38.75,38.12,38.5,99500.0,0.0,1.0,9.625,9.6875,9.53,9.625,398000.0
1991-07-11,40.25,40.25,37.88,38.5,101000.0,0.0,1.0,10.0625,10.0625,9.47,9.625,404000.0
1991-07-10,40.75,41.0,40.0,40.25,120400.0,0.0,1.0,10.1875,10.25,10.0,10.0625,481600.0
1991-07-09,39.88,41.0,39.75,40.75,80000.0,0.0,1.0,9.97,10.25,9.9375,10.1875,320000.0
1991-07-08,38.5,39.75,38.25,39.62,117700.0,0.0,1.0,9.625,9.9375,9.5625,9.905,470800.0
1991-07-05,37.25,38.62,37.25,38.5,62200.0,0.0,1.0,9.3125,9.655,9.3125,9.625,248800.0
1991-07-03,36.88,37.25,36.5,37.12,60900.0,0.0,1.0,9.22,9.3125,9.125,9.28,243600.0
1991-07-02,36.12,37.62,35.88,37.12,114800.0,0.0,1.0,9.03,9.405,8.97,9.28,459200.0
1991-07-01,34.62,36.25,34.5,36.25,105400.0,0.0,1.0,8.655,9.0625,8.625,9.0625,421600.0
1991-06-28,33.5,34.0,33.5,33.88,55500.0,0.0,1.0,8.375,8.5,8.375,8.47,222000.0
1991-06-27,32.12,33.5,32.12,33.5,46700.0,0.0,1.0,8.03,8.375,8.03,8.375,186800.0
1991-06-26,31.62,31.88,31.25,31.88,58900.0,0.0,1.0,7.905,7.97,7.8125,7.97,235600.0
1991-06-25,32.25,32.25,31.62,31.88,34400.0,0.0,1.0,8.0625,8.0625,7.905,7.97,137600.0
1991-06-24,33.0,33.25,32.38,32.62,32200.0,0.0,1.0,8.25,8.3125,8.095,8.155,128800.0
1991-06-21,33.25,33.5,33.12,33.25,48200.0,0.0,1.0,8.3125,8.375,8.28,8.3125,192800.0
1991-06-20,33.25,33.25,32.88,33.0,12800.0,0.0,1.0,8.3125,8.3125,8.22,8.25,51200.0
1991-06-19,34.62,34.62,33.5,33.5,25600.0,0.0,1.0,8.655,8.655,8.375,8.375,102400.0
1991-06-18,34.5,34.75,34.38,34.62,18700.0,0.0,1.0,8.625,8.6875,8.595,8.655,74800.0
1991-06-17,33.5,34.75,33.5,34.62,87200.0,0.0,1.0,8.375,8.6875,8.375,8.655,348800.0
1991-06-14,32.0,33.88,32.0,33.5,74700.0,0.0,1.0,8.0,8.47,8.0,8.375,298800.0
1991-06-13,32.12,32.12,31.62,31.75,21200.0,0.0,1.0,8.03,8.03,7.905,7.9375,84800.0
1991-06-12,33.62,33.75,32.12,32.12,59100.0,0.0,1.0,8.405,8.4375,8.03,8.03,236400.0
1991-06-11,33.62,33.75,33.25,33.62,49400.0,0.0,1.0,8.405,8.4375,8.3125,8.405,197600.0
1991-06-10,32.75,33.38,32.75,33.38,25800.0,0.0,1.0,8.1875,8.345,8.1875,8.345,103200.0
1991-06-07,32.62,33.0,32.5,32.75,77300.0,0.0,1.0,8.155,8.25,8.125,8.1875,309200.0
1991-06-06,32.5,33.0,32.5,32.62,26300.0,0.0,1.0,8.125,8.25,8.125,8.155,105200.0
1991-06-05,31.38,32.62,31.38,32.62,66700.0,0.0,1.0,7.845,8.155,7.845,8.155,266800.0
1991-06-04,30.88,31.38,30.62,31.38,27700.0,0.0,1.0,7.72,7.845,7.655,7.845,110800.0
1991-06-03,30.0,30.75,30.0,30.75,64300.0,0.0,1.0,7.5,7.6875,7.5,7.6875,257200.0
1991-05-31,30.25,30.25,29.88,30.12,9200.0,0.0,1.0,7.5625,7.5625,7.47,7.53,36800.0
1991-05-30,30.5,30.5,29.75,30.25,76600.0,0.0,1.0,7.625,7.625,7.4375,7.5625,306400.0
1991-05-29,31.12,31.12,30.5,30.5,45900.0,0.0,1.0,7.78,7.78,7.625,7.625,183600.0
1991-05-28,31.0,31.12,30.5,31.0,11600.0,0.0,1.0,7.75,7.78,7.625,7.75,46400.0
1991-05-24,31.0,31.38,30.88,31.25,15600.0,0.0,1.0,7.75,7.845,7.72,7.8125,62400.0
1991-05-23,31.5,31.5,30.75,30.88,6000.0,0.0,1.0,7.875,7.875,7.6875,7.72,24000.0
1991-05-22,31.12,31.5,31.0,31.5,13400.0,0.0,1.0,7.78,7.875,7.75,7.875,53600.0
1991-05-21,31.62,31.88,30.88,31.0,58800.0,0.0,1.0,7.905,7.97,7.72,7.75,235200.0
1991-05-20,30.0,31.0,29.88,30.75,43700.0,0.0,1.0,7.5,7.75,7.47,7.6875,174800.0
1991-05-17,30.75,30.75,29.25,29.88,216000.0,0.0,1.0,7.6875,7.6875,7.3125,7.47,864000.0
1991-05-16,30.75,31.0,30.5,31.0,29000.0,0.0,1.0,7.6875,7.75,7.625,7.75,116000.0
1991-05-15,30.0,31.25,29.88,30.62,41400.0,0.0,1.0,7.5,7.8125,7.47,7.655,165600.0
1991-05-14,31.25,31.25,29.75,30.0,74000.0,0.0,1.0,7.8125,7.8125,7.4375,7.5,296000.0
1991-05-13,31.62,31.75,31.12,31.12,21400.0,0.0,1.0,7.905,7.9375,7.78,7.78,85600.0
1991-05-10,32.12,32.12,31.75,31.75,15400.0,0.0,1.0,8.03,8.03,7.9375,7.9375,61600.0
1991-05-09,32.0,32.38,31.88,32.25,31100.0,0.0,1.0,8.0,8.095,7.97,8.0625,124400.0
1991-05-08,32.0,32.0,31.88,32.0,25600.0,0.0,1.0,8.0,8.0,7.97,8.0,102400.0
1991-05-07,32.88,32.88,32.12,32.12,34600.0,0.0,1.0,8.22,8.22,8.03,8.03,138400.0
1991-05-06,32.75,32.88,32.12,32.62,13800.0,0.0,1.0,8.1875,8.22,8.03,8.155,55200.0
1991-05-03,33.0,33.12,32.5,33.0,21400.0,0.0,1.0,8.25,8.28,8.125,8.25,85600.0
1991-05-02,32.5,33.12,32.5,33.0,38800.0,0.0,1.0,8.125,8.28,8.125,8.25,155200.0
1991-05-01,32.5,32.75,32.25,32.75,49100.0,0.0,1.0,8.125,8.1875,8.0625,8.1875,196400.0
1991-04-30,32.5,32.5,31.0,32.25,46900.0,0.0,1.0,8.125,8.125,7.75,8.0625,187600.0
1991-04-29,32.75,33.0,32.5,32.75,76600.0,0.0,1.0,8.1875,8.25,8.125,8.1875,306400.0
1991-04-26,32.12,32.25,31.5,32.0,26700.0,0.0,1.0,8.03,8.0625,7.875,8.0,106800.0
1991-04-25,32.38,32.5,32.25,32.25,20600.0,0.0,1.0,8.095,8.125,8.0625,8.0625,82400.0
1991-04-24,31.38,32.25,31.38,32.12,63500.0,0.0,1.0,7.845,8.0625,7.845,8.03,254000.0
1991-04-23,30.88,31.38,30.62,31.25,64100.0,0.0,1.0,7.72,7.845,7.655,7.8125,256400.0
1991-04-22,32.0,32.25,30.38,30.38,97000.0,0.0,1.0,8.0,8.0625,7.595,7.595,388000.0
1991-04-19,31.75,32.25,31.75,32.12,51200.0,0.0,1.0,7.9375,8.0625,7.9375,8.03,204800.0
1991-04-18,31.88,32.25,31.5,32.0,74700.0,0.0,1.0,7.97,8.0625,7.875,8.0,298800.0
1991-04-17,32.5,32.5,31.62,31.75,61600.0,0.0,1.0,8.125,8.125,7.905,7.9375,246400.0
1991-04-16,31.88,32.62,31.12,32.38,66600.0,0.0,1.0,7.97,8.155,7.78,8.095,266400.0
1991-04-15,32.88,32.88,31.75,32.0,88200.0,0.0,1.0,8.22,8.22,7.9375,8.0,352800.0
1991-04-12,32.5,33.0,32.25,32.62,117200.0,0.0,1.0,8.125,8.25,8.0625,8.155,468800.0
1991-04-11,31.0,33.12,31.0,32.25,334800.0,0.0,1.0,7.75,8.28,7.75,8.0625,1339200.0
1991-04-10,28.5,30.0,28.5,30.0,195400.0,0.0,1.0,7.125,7.5,7.125,7.5,781600.0
1991-04-09,28.5,29.0,28.5,28.75,118100.0,0.0,1.0,7.125,7.25,7.125,7.1875,472400.0
1991-04-08,28.25,28.75,27.5,28.5,152200.0,0.0,1.0,7.0625,7.1875,6.875,7.125,608800.0
1991-04-05,28.5,28.75,28.38,28.5,114300.0,0.0,1.0,7.125,7.1875,7.095,7.125,457200.0
1991-04-04,29.12,29.12,28.38,28.88,207800.0,0.0,1.0,7.28,7.28,7.095,7.22,831200.0
1991-04-03,29.12,29.38,27.5,29.25,850800.0,0.0,1.0,7.28,7.345,6.875,7.3125,3403200.0
1991-04-02,27.5,29.5,26.25,29.38,2286800.0,0.0,1.0,6.875,7.375,6.5625,7.345,9147200.0
